Renin-angiotensin_system	1215	1359	1511	1636	183	185	186	2028	290	4012	4142	4311	5476	57486	59272	5972	7064
Galactose_metabolism	231	2538	2548	2582	2584	2585	2592	2595	2645	2683	2717	2720	3098	3099	3101	3906	3938	5211	5213	5214	5236	55276	57818	7360	8704	8972
Regulation_of_actin_cytoskeleton	10092	10093	10094	10095	10109	10152	10163	10297	10298	10398	10451	10458	10552	10672	1072	1073	10787	10788	1128	1129	1131	1132	1133	128239	1398	1399	1445	1729	1730	1793	1950	1956	2147	2149	2245	2246	2247	2248	2249	2250	2251	2252	2253	2254	2255	2256	2257	2258	2259	2260	2261	2263	2264	22800	22801	22808	23191	2335	23365	23396	23533	26230	26281	26291	26999	27006	2768	28964	GRLF1	2934	29895	3071	324	3265	345456	3630	3645	3655	3672	3673	3674	3675	3676	3678	3679	3680	3681	3682	3683	3684	3685	3687	3688	3689	369	3690	3691	3693	3694	3695	3696	375189	3845	387	3984	3985	4342	4478	4627	4628	4633	4636	4638	4659	4893	5058	5062	5063	50649	5154	5155	5156	5159	5216	5217	5290	5291	5293	5294	5295	5296	5305	54434	54961	5499	5500	5501	55740	C3orf10	5594	5595	55970	56034	5604	5605	56924	57144	5747	5829	58498	5879	5880	5881	5894	5962	60	6093	623	6237	624	6548	6654	6655	673	7074	71	7114	TMSL3	7409	7410	7414	7430	7454	79784	79837	80310	8074	81	81624	81873	8394	8395	8396	8503	8515	8516	85366	85464	85477	87	88	8817	8822	8823	8826	8874	89	8936	8976	89846	9087	9138	91807	929	9459	9475	9564	9965	998
alpha-Linolenic_acid_metabolism	100137049	123745	26279	30814	391013	50487	51	5319	5320	5321	5322	64600	81579	8310	8398	8399	84647	9415
mTOR_signaling_pathway	10000	1975	1977	1978	207	208	2277	23533	253260	253314	25989	27330	3091	3479	3630	5170	51719	5228	5290	5291	5293	5294	5295	5296	54541	5562	5563	5594	5595	6009	6194	6195	6196	6197	6198	6199	673	6794	7248	7249	7422	7423	7424	81617	8408	8503	9470	9706
Valine,_leucine_and_isoleucine_biosynthesis	23395	3376	51520	5160	5161	5162	55699	57176	586	587	7407
Fatty_acid_biosynthesis	2194	27349	31	32	54995	55301
Pyrimidine_metabolism	10201	10587	10621	10622	10623	10714	11128	124583	129607	139596	CTPS	151531	1633	1635	171568	1723	1806	1807	1841	1854	1890	22978	23649	246721	25885	29922	30833	30834	318	3704	377841	4830	4831	4832	4833	4907	50484	50808	51082	NT5C3	51727	51728	51733	54107	5422	5424	5425	5426	5427	5430	5431	5432	5433	5434	5435	5436	5437	5438	5439	5440	5441	548644	54963	5557	PRIM2	55703	56474	56655	56953	57804	6240	6241	64425	654364	661	7083	7084	7296	7298	7371	7372	7378	790	83549	8382	84172	84265	84618	87178	93034	953	9533	955	956	957	9583	978
Vitamin_B6_metabolism	29968	316	493911	55163	57026	8566
GnRH_signaling_pathway	100137049	107	10746	108	1081	109	111	112	113	114	115	123745	1432	163688	1839	1956	196883	2002	2185	23236	2488	26279	2767	2776	2778	2796	2797	2798	2885	30814	3265	3708	3709	3710	3725	3845	391013	3972	4214	4215	4216	4313	4323	468	4893	50487	51806	5319	5320	5321	5322	5330	5331	5332	5337	5338	5566	5567	5568	5578	5580	5594	5595	5598	5599	5600	5601	5602	5603	5604	5605	5606	5608	5609	5613	5894	6300	6416	64600	6654	6655	6714	775	776	778	779	801	805	808	810	815	81579	816	817	818	8398	8399	84647	998
Glycolysis_/_Gluconeogenesis	10327	124	125	126	127	128	130	130589	131	160287	1737	1738	2023	2026	2027	217	218	219	220	2203	221	222	223	224	226	229	230	2538	2597	26330	2645	2821	3098	3099	3101	3939	3945	3948	441531	501	5105	5106	5160	5161	5162	5211	5213	5214	5223	5224	5230	5232	5236	5313	PKM2	55276	55902	57818	669	7167	83440	84532	8789	92483
One_carbon_pool_by_folate	10588	10797	10840	10841	123263	160428	1719	25902	2618	275	441024	4522	4524	4548	471	6470	6472	7298
Neuroactive_ligand-receptor_interaction	10203	10316	10800	1081	10886	10888	11255	1128	1129	1131	1132	1133	1134	1135	1136	1137	1138	1139	1140	1141	1142	1143	1144	1145	1146	116443	116444	117	122042	1241	1268	1269	134	134860	134864	135	136	1394	1395	140	1442	146	147	148	150	151	1511	152	153	154	155	165829	1812	1813	1814	1815	1816	185	186	187	1901	1902	1903	1909	1910	2147	2149	2150	2151	22953	23566	2357	2358	2359	23620	2488	2492	2550	2554	2555	2556	2557	2558	2559	2560	2561	2562	2563	2564	2565	2566	2567	2568	2569	2570	2587	2688	2689	2690	2692	2693	2696	27334	2740	2741	2742	2743	2798	2831	2832	2834	2837	2846	2847	2859	2862	P2RY8	2890	2891	2892	2893	2894	2895	2897	2898	2899	2900	2901	2902	2903	2904	2905	2906	2908	2911	2912	2913	2914	2915	2916	2917	2918	2925	3001	3061	3062	319100	3269	3274	3350	3351	3352	3354	3355	3356	3357	3358	3360	3361	3362	3363	3952	3953	3972	3973	4142	4157	4158	4159	4160	4161	4543	4544	4829	4886	4887	4889	4923	4985	4986	4987	4988	5021	5023	5024	5025	5026	5027	5028	5029	5030	5031	5032	5340	53637	53829	552	553	554	PPYR1	55584	55879	5617	5618	56288	56413	5644	PRSS2	5646	56923	57053	57105	5724	5729	5731	5732	5733	5734	5737	5739	5746	59340	59350	623	624	6344	64106	6751	6752	6753	6754	6755	680	6865	6869	6870	6915	706	7067	7068	719	7201	7252	7253	728	7433	7434	7442	799	8001	83551	84539	84634	8484	8698	8811	886	887	8973	9002	9038	9127	9170	9248	9287	9294	9340	9568	9934
Arachidonic_acid_metabolism	100137049	113612	123745	124975	1555	1557	1558	1559	1562	1571	1573	1579	2053	239	240	242	246	247	257202	26279	2678	2686	2687	284541	2876	2877	2878	2880	2882	30814	391013	4048	4051	4056	50487	5319	5320	5321	5322	5730	5740	5742	5743	64600	6916	80142	81579	8398	8399	84647	8529	8644	873	874	9536
Hematopoietic_cell_lineage	CD24	1378	1380	1435	1436	1437	CSF2RA	1440	1441	1604	1791	2056	2057	2208	2209	2322	2323	2811	2812	2814	2815	290	2993	3122	3123	3127	3552	3553	3554	3559	3562	IL3RA	3565	3566	3567	3568	3569	3570	3574	3575	IL9R	3589	3590	3655	3672	3673	3674	3675	3676	3678	3684	3690	3815	4254	4311	7037	7066	7124	7173	7850	909	910	911	912	913	914	915	916	917	920	921	924	925	926	928	929	930	931	933	945	947	948	951	952	960	966
Vibrio_cholerae_infection	10312	1080	109	10945	10952	11014	11015	115	127124	155066	23480	23545	245972	245973	2778	29927	30001	375	3784	4583	50617	51382	51606	523	525	526	527	528	529	533	5335	5336	534	535	537	55176	5566	5567	5568	5578	5582	5613	60	6558	7082	71	8992	90423	9114	9296	9414	9550	9601
Riboflavin_metabolism	51205	5167	5169	52	53	55	55312	7299	80308	93650
Allograft_rejection	3002	3105	3106	3107	3108	3109	3111	3112	3113	3115	3117	3118	3119	3122	3123	3127	3133	3134	3135	3458	355	3558	356	3565	3567	3586	3592	3593	5551	7124	940	941	942	958	959
Histidine_metabolism	10841	114049	131669	131965	144193	1644	217	218	219	220	221	222	223	224	ABP1	3034	3067	3176	4128	4129	443	501	51409	51451	55798	60487	84735	91703	9836
Drug_metabolism_-_other_enzymes	10	1066	10720	10941	151531	1548	1549	1551	1553	1576	1577	1806	1807	1890	CES7	2990	3251	3614	3615	3704	51733	54490	54575	54576	54577	54578	54579	54600	54657	54658	54659	54963	574537	64816	7083	7084	7172	7363	7364	7365	7366	7367	7371	7372	7378	7498	79799	83549	8824	8833	9	978
Acute_myeloid_leukemia	10000	1050	11040	1147	1978	207	208	2322	23533	2885	3265	3551	369	3728	3815	3845	4609	4790	4893	51176	5290	5291	5292	5293	5294	5295	5296	5371	5467	5594	5595	5604	5605	572	5894	5914	595	5970	6198	6199	6654	6655	6688	673	6774	6776	6777	6932	6934	7704	83439	8503	8517	861	862	8900
Cyanoamino_acid_metabolism	124975	2678	2686	2687	57733	6470	6472
Phenylalanine_metabolism	1644	218	220	221	222	259307	2805	2806	314	3242	4128	4129	4282	5053	6898	8639	9588
Sulfur_relay_system	27304	4337	4338	4357	55687	7263	81605	9054
Regulation_of_autophagy	10533	11337	11345	115201	23192	23710	25989	30849	3439	3440	3441	3442	3443	3444	3445	3446	3447	3448	3449	3451	3452	3458	3630	5289	5562	5563	64422	8408	84938	84971	8678	9140	9474	9706
VEGF_signaling_pathway	10000	100137049	10725	CHP	123745	1432	207	208	23533	25759	26279	30814	3265	3315	3791	3845	391013	4772	4773	4775	4776	4846	4893	50487	5290	5291	5293	5294	5295	5296	5319	5320	5321	5322	5335	5336	5530	5532	5533	5534	5535	5578	5582	5594	5595	5600	5603	5604	5605	56848	572	5743	5747	5829	5879	5880	5881	5894	6300	63928	64600	6714	7422	7867	81579	8398	8399	842	84647	8503	8877	9047	9261	998
Pathogenic_Escherichia_coli_infection	10092	10093	10094	10095	10109	10376	10381	TUBB4	TUBB2C	10552	10971	112714	113457	1499	2017	203068	23643	25	2534	3059	347688	347733	3688	387	3875	4690	4691	100506658	51807	5578	TUBB4Q	60	6093	7099	71	7100	7277	7278	7280	7430	7454	7534	7846	79861	81027	81873	8440	84617	84790	8976	9076	9181	929	9475	998	999
Proximal_tubule_bicarbonate_reclamation	10991	1468	23439	27165	2744	2746	2747	358	4190	476	477	478	480	481	482	483	486	5105	5106	6550	760	762	8671
Fc_epsilon_RI_signaling_pathway	10000	100137049	10451	123745	1432	1437	207	208	2205	2206	2207	23533	2534	26279	27040	2885	30814	3265	3562	3565	3567	3596	INPP5D	3845	391013	3937	4067	4893	50487	5163	5290	5291	5293	5294	5295	5296	5319	5320	5321	5322	5335	5336	5578	5580	5581	5594	5595	5599	5600	5601	5602	5603	5604	5605	5606	5608	5609	5879	5880	5881	5894	6300	6416	64600	6654	6655	6850	695	7124	7409	7410	81579	8398	8399	84647	8503	9846
Gap_junction	10376	10381	TUBB4	TUBB2C	107	10746	108	109	111	112	112714	113	113457	114	115	1453	153	1812	1813	1902	1950	1956	196883	203068	23236	2697	2767	2770	2771	2773	2776	2778	2885	2911	2915	2977	2982	2983	3265	3356	3357	3358	347688	347733	3708	3709	3710	3845	4893	5154	5155	5156	5159	51807	5330	5331	5332	5566	5567	5568	5578	5582	5592	5593	5594	5595	5598	56034	5604	5605	5607	5613	TUBB4Q	57369	5894	6654	6655	6714	7082	7277	7278	7280	7846	79861	80310	81027	84617	84790
DNA_replication	10535	10714	1763	2237	23649	246243	29935	3978	4171	4172	4173	4174	4175	4176	5111	54107	5422	5424	5425	5426	5427	5557	PRIM2	56655	57804	5981	5982	5983	5984	5985	6117	6118	6119	6742	79621	84153
Cell_adhesion_molecules_(CAMs)	1000	1001	1002	1003	1013	10666	10686	1272	1364	1365	1366	137075	1462	1493	149461	214	22871	23114	23308	23562	23705	24146	257194	25945	26047	26285	2734	29126	29851	3105	3106	3107	3108	3109	3111	3112	3113	3115	3117	3118	3119	3122	3123	3127	3133	3134	3135	3383	3384	3385	3655	3676	3680	3683	3684	3685	3688	3689	3695	3696	3897	4099	CD99	4359	4684	4685	4756	4897	100506658	49861	5010	50848	51208	5133	5175	53842	54413	57502	57555	57863	5788	5792	5797	5817	5818	5819	58494	6382	6383	6385	6401	6402	6403	6404	6614	6693	6900	7122	7412	80380	80381	8174	83700	8506	8516	9019	9071	9073	9074	9075	9076	9080	90952	914	920	923	925	926	933	9369	9378	9379	940	941	942	947	958	959	965	9672	999
Colorectal_cancer	10000	10297	1499	1630	207	208	2353	23533	26060	2932	2956	324	332	369	3725	3845	387	4087	4088	4089	4292	4436	4437	4609	51176	5290	5291	5293	5294	5295	5296	54205	5594	5595	5599	5601	5602	5604	572	581	5879	5880	5881	5894	5900	595	596	673	6932	6934	7040	7042	7043	7046	7048	7157	8312	8313	83439	836	842	8503
Terpenoid_backbone_biosynthesis	10654	2224	23590	3156	3157	3158	3422	38	39	4597	4598	57107	79947	91734	9453
Taurine_and_hypotaurine_metabolism	1036	124975	2571	2572	2678	2686	2687	51380	570	84890
Wnt_signaling_pathway	10023	10297	10725	11197	11211	CHP	122011	1387	144165	1452	1454	1457	1459	1460	1487	1488	1499	166336	1855	1856	1857	2033	22943	23002	23236	23291	23401	23500	2535	27101	27121	27123	2932	324	3725	387	4040	4041	4087	4088	4089	4316	4609	4772	4773	4775	4776	51176	51384	51701	5330	5331	5332	54361	5467	5515	5516	5518	5519	5525	5526	5527	5528	5529	5530	5532	5533	5534	5535	5566	5567	5568	5578	5582	5599	5601	5602	5613	5663	56998	57216	57680	5879	5880	5881	59343	595	6093	63928	6422	6423	6424	6425	64321	6477	64840	6500	6885	6907	6932	6934	7157	7471	7472	7473	7474	7475	7476	7477	7478	7479	7480	7481	7482	7483	7484	7855	79718	7976	80319	80326	8061	81029	815	816	817	818	81839	8312	8313	8321	8322	8323	8324	8325	8326	83439	8454	85407	85409	8607	894	8945	896	89780	90665	9350	9475	9978
Non-small_cell_lung_cancer	10000	1019	1021	1029	11186	1869	1870	1871	1950	1956	2064	207	208	2272	2309	23533	2885	3265	369	3845	4893	5170	5290	5291	5293	5294	5295	5296	5335	5336	5578	5582	5594	5595	5604	5605	572	5894	5915	5925	595	6256	6257	6258	6654	6655	673	6789	7039	7157	83593	842	8503
Olfactory_transduction	10798	109	1179	119678	119679	119682	119687	119692	119694	119695	119749	119764	119765	119772	119774	120065	120066	120586	120775	120776	120787	120793	120796	121130	121275	121364	122740	122742	122748	124538	1258	125958	125962	125963	1261	1262	126370	126541	127059	127062	127064	127066	127068	127069	127074	127077	127385	127623	128360	128367	128368	128371	128372	130075	134083	135924	135941	135946	135948	138799	138802	138803	138804	138805	138881	138882	138883	143496	143502	143503	144124	144125	150681	157	158131	162998	163688	196335	219417	219428	219429	219431	219432	219436	219437	219438	219447	219453	219464	219469	219473	219477	219479	219482	219484	219487	219493	219858	219865	219869	219870	219873	219874	219875	219952	219954	219956	219957	219958	219959	219960	219965	219968	219981	219982	219983	219986	22802	23538	254783	254786	254879	254973	255725	256144	256148	256892	26188	26189	26211	26212	26219	26245	26246	26248	26333	26338	26339	26476	26492	26493	26494	26496	26529	26531	26532	26533	26534	26538	26539	26648	26658	26659	26664	26682	26683	26686	26689	26692	26696	26707	26716	26735	26737	26740	2774	282763	282770	282775	283092	283093	283111	283159	283160	283162	283189	283297	283365	283694	284383	284433	284521	284532	285659	286362	286365	2978	2979	3000	338662	338674	338675	338751	338755	340980	341152	341276	341416	341418	341568	341799	343169	343171	343172	343173	343406	343563	346517	346525	346528	347168	347169	347468	387748	389090	390036	390037	390038	390054	390058	390059	390061	390063	390064	390066	390067	390072	390075	390077	390078	390079	390081	390083	390093	390113	390142	390144	390151	390152	390154	390155	390157	390162	390167	390168	390174	390181	390191	390195	390197	390199	390201	390260	390261	390264	390265	390275	390321	390323	390326	390327	390429	390431	390433	390436	390437	390439	390442	390445	390538	390648	390649	390882	390883	390892	391107	391109	391112	391114	391189	391190	391191	391192	391194	391195	391196	391211	392138	392309	392376	392390	392391	392392	393046	401427	401665	401666	401667	401992	401993	401994	402135	402317	403239	403253	OR4C45	403282	403284	409	441608	441639	441669	441670	441911	441933	442186	442191	442194	442361	4991	4992	4993	4994	4995	OR8U8	5132	5137	51806	5566	5567	5568	5592	5593	5613	56656	79290	79295	79310	79317	7932	79324	79339	79345	79473	79501	79541	79544	801	805	808	810	81050	81061	81099	81127	81168	81282	81285	81300	81309	81318	81327	81328	81392	81399	81442	81448	81469	81470	81472	815	816	81696	81697	817	81797	818	8383	8386	8387	8388	8390	8392	8590	9626	9635
Hedgehog_signaling_pathway	122011	1452	1453	1454	1455	1456	23291	2619	27148	2735	2736	2737	2932	353500	3549	4036	50846	51384	51684	51715	53944	54361	5566	5567	5568	5613	5727	64399	6469	650	652	653	654	655	656	6608	7471	7472	7473	7474	7475	7476	7477	7478	7479	7480	7481	7482	7483	7484	7546	80326	81029	8643	8945	89780
Malaria	1311	1378	1440	22914	DARC	2993	2994	2995	3039	3040	3043	3045	3082	3383	3458	3553	3569	IL8	3586	3592	3606	3683	3689	3820	4035	4233	4615	5175	54106	6347	6382	6383	6385	6401	6403	7040	7042	7043	7057	7058	7059	7060	7097	7099	7124	7412	948	958	959	9672	975
RNA_degradation	10200	10438	11157	11340	118460	1656	167227	196513	2023	2026	2027	219988	22803	22894	23016	23019	23404	23517	23644	23658	246175	25804	25904	27257	27258	28960	29883	3313	3329	4848	4849	4850	5073	51010	51013	51690	5393	5394	54464	54512	55802	56915	57472	57819	6499	80153	80349	84186	87178	9125	9337	9652
Vasopressin-regulated_water_reabsorption	10488	10540	10671	109	112	115	1385	140735	148327	1639	1778	1780	1781	1783	2778	359	360	361	396	397	4905	51143	51164	51626	551	554	5566	5567	5568	5613	5868	5869	5878	64764	6810	6844	79659	84516	84699	8655	8766	90993	9230	9586
Carbohydrate_digestion_and_absorption	10000	207	208	23439	23533	2538	2542	276	277	278	279	280	3098	3099	3101	346562	3938	476	477	478	480	481	482	483	486	5290	5291	5293	5294	5295	5296	5330	57818	6476	6514	6518	6523	776	80834	83756	8503	8972
Arrhythmogenic_right_ventricular_cardiomyopathy_(ARVC)	1000	10368	10369	1495	1496	1499	1605	1674	1756	1824	1829	1832	2010	22801	2697	27091	27092	29119	3655	3672	3673	3674	3675	3676	3678	3679	3680	3685	3688	3690	3691	3693	3694	3695	3696	3728	3908	4000	488	51176	5318	55799	59283	59284	59285	60	6262	6442	6443	6444	6445	6546	6932	6934	71	775	776	778	779	781	782	783	784	785	786	81	83439	8515	8516	87	88	89	9254	93589
Pyruvate_metabolism	10873	134526	160287	1737	1738	197257	217	219	223	224	231	2739	3029	31	32	38	39	3939	3945	3948	4190	4191	4199	4200	501	5091	5105	5106	5160	5161	5162	5313	PKM2	55902	84264	84532	92483	9380	97	98
Inositol_phosphate_metabolism	10423	113026	138429	23236	23396	253430	3612	3613	3628	3631	3632	3633	3636	3705	3706	3707	4329	4952	51196	51477	5286	5287	5288	5289	5290	5291	5293	5294	5297	5298	5305	5330	5331	5332	5333	5335	5336	55300	55361	55586	56623	5728	64768	7167	79837	8394	8395	8396	84812	8821	8867	8871	89869	9562
Valine,_leucine_and_isoleucine_degradation	10449	11112	1629	1738	18	1892	1962	217	219	223	224	259307	26275	27034	30	3028	3030	3032	3033	3155	3157	3158	316	34	35	36	3712	38	39	4329	4594	501	5019	5095	5096	549	56922	586	587	593	594	64064	64087	84693
Butanoate_metabolism	116285	123876	18	1892	1962	2571	2572	3030	3033	3155	3157	3158	341392	348158	35	38	39	5019	5160	5161	5162	54988	56898	57016	622	6296	64064	65985	7915	79944
Complement_and_coagulation_cascades	10747	1361	1378	1380	1604	1675	2	2147	2149	2152	2153	2155	2157	2158	2159	2160	2161	2162	2165	2243	2244	2266	3053	3075	3426	3818	3827	4153	4179	462	5054	5104	5265	5327	5328	5329	5340	5345	5624	5627	5648	623	624	629	7035	7056	710	712	713	714	C1R	716	717	718	719	720	721	722	725	727	728	729	730	731	732	733	735	7450	966
Epithelial_cell_signaling_in_Helicobacter_pylori_infection	102	10312	10392	1147	127124	1432	1445	150084	155066	1839	1956	23545	245972	245973	28964	2919	3551	IL8	3725	4067	4233	4790	4792	5058	50617	50848	51382	51606	523	525	526	527	528	529	533	5335	5336	534	535	537	5599	5600	5601	5602	5603	5781	5803	58494	5879	5970	6300	6352	6416	6714	6868	7082	836	83700	8517	8992	9020	90423	9114	9296	9550	998
Glycosaminoglycan_biosynthesis_-_chondroitin_sulfate	10090	11285	113189	126792	135152	166012	22856	26229	27087	29940	337876	50515	55454	55501	55790	56548	64131	64132	79586	9469
Phototransduction	1258	1259	131890	163688	2779	2780	2782	2792	2978	2979	2986	3000	346562	408	409	5145	5148	5158	51806	5957	6010	GRK1	801	805	808	810	8787	9187	9626
Glycosaminoglycan_biosynthesis_-_heparan_sulfate	11285	126792	135152	2131	2132	2134	2135	2137	222537	26035	26229	266722	27087	3340	64131	64132	64579	8509	90161	9348	9394	9653	9953	9955	9956	9957
ErbB_signaling_pathway	10000	1026	1027	10298	10718	1398	1399	145957	1839	1950	1956	1978	2002	2064	2065	2066	2069	207	208	23533	23624	25	2549	25759	27	2885	2932	3084	3265	369	3725	374	3845	399694	4609	4690	4893	5058	5062	5063	5290	5291	5293	5294	5295	5296	5335	53358	5336	5578	5582	5594	5595	5599	5601	5602	5604	5605	5609	56924	57144	572	5747	5894	6198	6199	6416	6464	6654	6655	6714	673	6776	6777	685	7039	815	816	817	818	8440	8503	867	868	9542
Arginine_and_proline_metabolism	112483	ADC	1152	1158	1159	1160	1373	1610	162417	217	219	223	224	2593	ABP1	262	2628	27165	2744	2746	2747	2752	2805	2806	283208	29920	383	384	4128	4129	435	445	4842	4846	4942	4953	5009	501	5033	51056	548596	5625	5831	5832	58510	6303	65263	6611	6723	79814	8659	8974	95
Citrate_cycle_(TCA_cycle)	1431	1737	1738	1743	2271	3417	3418	3419	3420	3421	4190	4191	47	48	4967	50	5091	5105	5106	5160	5161	5162	55753	6389	6390	6391	6392	8801	8802	8803
TGF-beta_signaling_pathway	1030	10468	10637	130399	1311	1387	151449	1634	1874	1875	2033	268	269	3397	3398	3399	3400	3458	353500	3624	3625	3626	387	392255	4052	4086	4087	4088	4089	4090	4091	4092	4093	4609	4838	5308	5515	5516	5518	5519	5594	5595	57154	5933	5934	6093	6198	6199	64750	650	6500	652	653	654	655	656	657	658	659	6667	7027	7040	7042	7043	7044	7046	7048	7057	7058	7059	7060	7124	8200	83729	8454	8646	90	92	9241	93	9372	9475	9765	9978
Lysosome	10053	10239	10312	10577	10717	1075	10947	11154	1174	1176	1200	1201	1203	1211	1212	1213	130340	138050	1497	1508	1509	1510	1511	1512	1513	CTSL1	CTSL2	1519	1520	1521	1522	162	164	175	1777	20	22901	23062	23163	23431	23457	23545	245972	2517	2548	256471	2581	2588	26088	2629	26503	26985	27074	2717	2720	2760	2799	285362	2990	3073	3074	3373	3423	3425	3482	3916	3920	3988	4074	410	411	4125	4126	427	4668	4669	4758	4864	4891	50617	51172	51606	527	53	533	535	537	54	5476	55353	5538	5641	5660	57192	58511	6272	6448	6556	6609	768239	7805	79158	8120	8218	84572	8546	8722	8763	8905	8907	8943	9114	9179	9374	9476	950	9583	967	968	9741
D-Arginine_and_D-ornithine_metabolism	1610
Amino_sugar_and_nucleotide_sugar_metabolism	10007	10020	1116	1118	132789	140838	1727	197258	2582	2584	2585	2592	2645	2673	27159	2762	2821	29925	29926	3073	3074	3098	3099	3101	4351	51005	51700	51706	5236	5238	5372	5373	54187	55276	55577	55907	5973	64841	6675	7264	7358	7360	80146	80896	8790	91373	9945
Lipoic_acid_metabolism	11019	51601
ECM-receptor_interaction	10319	1101	1277	1278	1280	1281	1282	1284	1286	1288	1289	1290	1291	1292	1293	1301	1302	1311	131873	1605	22798	22801	22987	2335	2811	2812	2814	2815	284217	3161	3339	3371	3381	3655	3672	3673	3674	3675	3676	3678	3679	3680	3685	3688	3690	3691	3693	3694	3695	3696	375790	3908	3909	3910	3911	3912	3913	3914	3915	3918	50509	51206	5649	6382	6383	6385	63923	6696	7057	7058	7059	7060	7143	7148	7448	7450	8515	8516	948	960	961	9672	9899	9900
Parkinson's_disease	10476	11315	118424	120892	125965	126328	1327	1329	1337	1339	1340	1345	1346	1347	1349	1350	1351	1537	170712	27089	27429	2861	291	292	SLC25A6	317	341947	374291	4694	4695	4696	4697	4698	4700	4701	4702	4704	4705	4706	4707	4708	4709	4710	4711	4712	4713	4714	4715	4716	4717	4718	4719	4720	4722	4723	4724	4725	4726	4728	4729	4731	498	506	5071	509	51079	513	514	51465	515	516	517	518	522	539	SEPT5	54205	54539	5481	55967	56901	6389	6390	6391	6392	65018	6531	6570	6571	6622	7054	7314	7317	7318	7326	7327	7332	7345	7381	7384	7385	7386	7388	7416	7417	7419	83447	836	842	84701	9167	9246	9377	9627
Pentose_phosphate_pathway	2203	221823	226	229	22934	230	2539	25796	2821	51071	5211	5213	5214	5226	5236	55276	5631	5634	6120	64080	6888	7086	8277	84076	8789	9563
Pantothenate_and_CoA_biosynthesis	1806	1807	5167	5169	51733	53354	55229	586	587	60490	79646	79717	80025	80347	8875	8876
Propanoate_metabolism	160287	18	1892	1962	217	219	223	224	23417	26275	3030	31	32	34	38	39	3939	3945	3948	4329	4594	501	5095	5096	55902	79611	84532	84693	8801	8802	8803	92483
Ribosome	11224	140801	200916	2197	23521	25873	28998	3921	4736	51065	51121	6122	6123	6124	6125	6128	6129	6130	6132	6133	6134	6135	6136	6137	6138	6139	6141	6142	6143	6144	6146	6147	6152	6154	6155	6156	6157	6158	6159	6160	6161	6164	6165	6166	6167	6168	6169	6170	6171	6173	6175	6176	6181	6187	6188	6189	6191	6192	6193	6194	6201	6202	6203	6204	6205	6206	6207	6209	6210	6217	6218	6222	6223	6224	6227	6228	6229	6230	6231	6232	6233	6234	6235	7311	9045	9349
Amyotrophic_lateral_sclerosis_(ALS)	10452	CHP	1432	1616	2876	2890	2891	2902	2903	2904	2905	2906	317	4217	4741	4744	4747	4842	54205	5530	5532	5533	5534	5535	5600	5603	5606	5608	5630	572	57679	581	5868	5879	596	5961	598	6300	637	63928	6506	6647	7124	7132	7133	7157	79139	834	836	84134	842	847	9973
Cell_cycle	1017	1019	1021	1022	1026	1027	10274	1028	1029	1030	1031	1032	10393	10459	10735	10744	10912	10926	10971	1111	11200	1387	1647	1869	1870	1871	1874	1875	2033	ORC6L	ORC3L	246184	25	25847	27127	2810	2932	29882	29945	3065	3066	4085	4087	4088	4089	4171	4172	4173	4174	4175	4176	4193	4609	4616	472	494551	ORC1L	ORC2L	ORC4L	ORC5L	5111	51343	51433	51434	51529	5347	545	5591	5885	5925	5933	5934	595	64682	6500	6502	699	701	7027	7029	7040	7042	7043	7157	7272	7465	7529	7531	7532	7533	7534	7709	8243	8317	8379	8454	85417	8555	8556	8697	8881	890	8900	891	894	896	898	902	9088	9126	9133	9134	9184	9232	9700	990	991	993	994	995	996	9978
Glycosphingolipid_biosynthesis_-_ganglio_series	256435	2583	27090	2720	29906	3073	3074	30815	6482	6483	6489	81849	8705	8869	9197
Autoimmune_thyroid_disease	1081	1493	3002	3105	3106	3107	3108	3109	3111	3112	3113	3115	3117	3118	3119	3122	3123	3127	3133	3134	3135	3439	3440	3441	3442	3443	3444	3445	3446	3447	3448	3449	3451	3452	355	3558	356	3565	3567	3586	5551	7038	7173	7252	7253	940	941	942	958	959
Cytosolic_DNA-sensing_pathway	103	10621	10622	10623	11035	11128	11277	1147	171568	23586	29108	29110	340061	3439	3440	3441	3442	3443	3444	3445	3446	3447	3448	3449	3451	3452	3456	3551	3553	3569	3606	3627	3661	3665	9560	4790	4792	4793	51082	51728	55703	5970	6351	6352	661	81030	834	84265	8517	8737	90865	9447	9533	388372	9641
Sphingolipid_metabolism	10558	10825	123099	129807	130367	166929	2531	2581	259230	2629	2717	2720	339221	410	427	4758	4759	55304	55512	55627	56624	56848	64781	6609	6610	7357	7368	81537	8560	8611	8612	8613	8877	8879	9331	9514	9517
N-Glycan_biosynthesis	10195	10905	11253	11282	11320	144245	146664	1603	1650	1798	199857	201595	22845	23193	2530	25834	2683	29880	29929	3703	4121	4122	4124	4245	4247	4248	4249	440138	54344	56052	57134	57171	6184	6185	6480	79053	79087	79796	79868	7991	84620	84920	85365	8703	8704	8813	8818	91869
Fc_gamma_R-mediated_phagocytosis	10000	100137049	10059	10092	10093	10094	10095	10109	10163	10451	10552	1072	1073	10810	123745	1398	1399	1759	1785	1794	207	208	2209	2212	2213	2214	23396	23533	255189	26052	27040	273	283748	2934	3055	INPP5D	382	3984	3985	4067	4082	4651	5058	5290	5291	5293	5294	5295	5296	5321	5335	5336	5337	5338	5578	5580	5581	5582	5594	5595	5604	56848	5788	5879	5880	5894	6198	6199	65108	653361	6850	7408	7409	7410	7454	81873	8394	8395	8398	8503	85477	8611	8612	8613	8877	8936	8976	9103	9846	998
Glycosylphosphatidylinositol(GPI)-anchor_biosynthesis	10026	128869	23556	2822	284098	51227	51604	5277	5279	5281	5283	54872	54965	55650	80055	80235	84720	84992	8733	8818	9091	93183	94005	9487	9488
Glycine,_serine_and_threonine_metabolism	10993	132158	1491	1610	1738	1757	189	211	212	23464	2593	26227	2628	27232	2731	275	29958	29968	314	4128	4129	501	51268	55349	5723	635	63826	6470	6472	64902	8639	875
Renal_cell_carcinoma	10000	10298	112398	112399	1387	1398	1399	201163	2033	2034	207	208	2113	2271	2277	23533	2549	2885	2889	3082	3091	3265	369	3725	3845	405	4233	4893	5058	5062	5063	5155	5228	5290	5291	5293	5294	5295	5296	54583	5594	5595	5604	5605	56924	57144	5781	5879	5894	5906	5908	6513	6654	6655	673	6921	6923	7039	7040	7042	7043	7422	7423	7424	7428	8453	8503	9915	9978	998
Glyoxylate_and_dicarboxylate_metabolism	10797	125061	132158	1431	25902	4190	4191	441024	4522	48	50	51179	54363	81888	9380
Apoptosis	10000	11213	CHP	1147	1439	1676	1677	2021	207	208	23052	23533	317	329	330	331	355	3551	3552	3553	3554	3556	356	3562	IL3RA	3654	3656	4615	472	4790	4792	4803	4914	51135	5290	5291	5293	5294	5295	5296	54205	5530	5532	5533	5534	5535	5566	5567	5568	5573	5575	5576	5577	5613	572	581	596	5970	598	637	63928	7124	7132	7157	7186	823	824	836	839	840	841	842	843	8503	8517	8717	8737	8743	8772	8793	8794	8795	8797	8837	9020	9131
RNA_transport	100101267	10073	THOC4	10209	10248	10250	10284	10289	10419	10460	10482	10556	10605	10762	10775	10799	10921	10940	11097	11102	11171	11218	11260	1207	129401	1736	1915	1917	1964	1965	1967	1968	1973	1974	1975	1977	1978	1981	1982	1983	22794	22916	22985	23165	23225	23279	23511	23636	253314	25929	26019	26986	29107	348995	3646	3837	387082	4116	4686	4927	4928	50628	51068	51095	51367	53371	5411	54960	55110	55520	TMEM48	55746	55916	56001	57122	57187	57510	5901	5903	5905	59343	5976	60528	6396	65109	65110	6606	6607	6612	6613	7175	728343	7329	7341	7514	79023	BAT1	79228	79760	79833	79897	79902	80145	8021	8086	81929	84305	84321	8480	SIP1	8563	8661	8662	8663	8664	8665	8666	8667	8668	8669	8672	8890	8891	8892	8893	8894	9086	91181	9470	9631	9669	96764	9688	9775	9818	9883	9939	9972	9984
Shigellosis	10092	10093	10094	10095	10109	10163	10392	10459	10552	1147	1398	1399	1432	1445	1729	1793	2017	23291	25	3059	345456	3551	IL8	3678	3688	375189	391	4790	4792	4793	5216	5217	5594	5595	5599	5600	5601	5602	5603	5879	5970	60	6093	6300	64127	71	7307	7322	7414	7454	81873	8517	8767	8936	8945	8976	9474	9475	960	9844	998
Biosynthesis_of_unsaturated_fatty_acids	10965	11332	122970	PTPLB	30	3030	3992	51	51144	54898	55825	570	60481	6319	641371	79071	79966	8310	PTPLA	9415
MAPK_signaling_pathway	10000	100137049	10125	10235	10368	10369	10746	10912	11072	11184	11221	CHP	1147	115727	123745	1326	1386	1398	1399	1432	1616	1647	1649	1843	1844	1845	1846	1847	1848	1849	1850	1852	1950	1956	2002	2005	207	208	2246	2247	2248	2249	2250	2251	2252	2253	2254	2255	2256	2257	2258	2259	2260	2261	2263	2264	22800	22808	2316	23162	2317	2318	2353	23542	25780	26279	26281	26291	27006	27091	27092	27330	2768	2872	2885	30814	3164	3265	3303	3304	3305	3306	3310	3312	3315	355	3551	3552	3553	3554	356	3725	3727	3845	391013	3925	408	409	4137	4149	4208	4214	4215	4216	4217	4296	4342	4609	4616	468	4763	4773	4776	4790	4791	4803	4893	4908	4909	4914	4915	50487	5058	5062	51295	51347	5154	5155	5156	5159	51701	51776	5319	5320	5321	5322	5494	5495	5530	5532	5533	5534	5535	5536	5566	5567	5568	5578	55799	5582	5594	5595	55970	5598	5599	5600	5601	5602	5603	5604	5605	5606	5607	5608	5609	5613	56940	57551	5778	5801	5871	5879	5880	5881	5894	5906	5908	5921	5922	5923	5924	59283	59284	59285	5970	5971	6195	6196	6197	6237	627	6300	63928	6416	64600	6654	6655	6722	673	6788	6789	6885	7040	7042	7043	7046	7048	7124	7132	7157	7186	7189	773	774	775	776	777	778	7786	779	781	782	783	784	785	7850	786	7867	8074	80824	81579	836	8398	8399	84647	84867	8491	8517	8550	8569	8817	8822	8823	8911	8912	8913	8986	9020	9064	9175	9252	9254	9261	929	9344	93589	9448	9479	9693	994	9965	998
Glycerophospholipid_metabolism	100137049	10162	10390	1040	10400	10423	10434	10554	10555	1103	1119	1120	11313	123745	129642	137964	154141	1606	1607	1608	160851	1609	162466	23171	23761	254531	26279	2819	2820	30814	391013	3931	43	50487	5130	5319	5320	5321	5322	5337	5338	54675	54947	55224	55500	56894	56895	C17orf48	56994	57678	5833	64600	6901	79143	79888	81490	81579	8398	8399	8443	84647	84803	8525	8526	8527	8611	8612	8613	8760	9162	9468	9489	9791	9926
Phenylalanine,_tyrosine_and_tryptophan_biosynthesis	259307	2805	2806	5053	6898
Notch_signaling_pathway	10683	11317	113878	1387	1487	1488	151636	171558	182	1840	1855	1856	1857	196403	2033	22938	23220	23385	2648	28514	3065	3066	3280	3516	3714	388585	3955	4242	4851	4853	4854	4855	51107	54567	55534	55851	5663	5664	5986	6868	84441	8650	8850	9253	9612	9794
Melanoma	10000	1019	1021	1026	1029	1869	1870	1871	1950	1956	207	208	2246	2247	2248	2249	2250	2251	2252	2253	2254	2255	2256	2257	2258	2259	2260	23533	26281	26291	27006	3082	3265	3479	3480	369	3845	4193	4233	4286	4893	5154	5155	5156	5159	5290	5291	5293	5294	5295	5296	5594	5595	56034	5604	5605	572	5728	5894	5925	595	673	7157	80310	8074	8503	8817	8822	8823	9965	999
Antigen_processing_and_presentation	10197	10437	115653	1385	1508	CTSL1	1520	2923	3105	3106	3107	3108	3109	3111	3112	3113	3115	3117	3118	3119	3122	3123	3127	3133	3134	3135	3303	3304	3305	3306	3308	3309	3310	3312	3320	3326	3458	3802	3804	3805	3809	3811	3812	3821	3822	3823	3824	4261	4800	4801	4802	5641	567	5720	5721	5993	5994	6890	6891	6892	7124	811	821	8302	8625	920	925	926	972
Axon_guidance	10154	1020	10298	10371	10500	10501	10505	10507	10509	10512	1072	10725	1073	CHP	137970	1630	1808	1942	1943	1944	1945	1946	1947	1948	1949	1969	2041	2042	2043	2044	2045	2046	2047	2048	2049	2050	2051	219699	223117	2242	22854	22885	23365	SRGAP2	23654	25	2534	25791	27289	2770	2771	2773	285220	2932	29984	3265	3688	3845	387	3897	3983	3984	3985	4233	4690	4772	4773	4775	4776	4893	5058	5062	5063	5361	5362	5364	5365	54437	54910	5530	5532	5533	5534	5535	55558	5594	5595	56896	56920	56924	57144	5747	57522	57556	57689	57715	5879	5880	5881	5921	59277	5998	6091	6092	6093	6387	63928	6405	64218	64221	6585	6586	7852	7869	80031	8440	84448	8482	8633	8829	90249	9037	9353	9423	9475	9723	9901	998
Nicotinate_and_nicotinamide_metabolism	10135	22978	23057	23475	23530	30833	316	349565	4837	4907	NT5C3	5167	5169	C9orf95	55191	56953	64802	65220	683	83594	84618	93034	952
Cysteine_and_methionine_metabolism	1036	10768	10993	1491	160287	1786	1787	1788	1789	191	23382	259307	262	27430	2805	2806	29947	3939	3945	3948	4143	4144	4357	4507	4548	51074	55256	58478	635	6611	6723	6898	7263	875	92483
Basal_transcription_factors	10629	11036	11037	138474	27097	2957	2958	2959	2960	2961	2962	2963	2965	2966	2967	2968	2969	387332	51616	54457	6872	6873	6874	6875	6877	6878	6879	6880	6881	6882	6883	6884	6908	9519	9569
Thyroid_cancer	10342	1499	3265	3845	4609	4893	4914	51176	5468	5594	5595	5604	5605	595	5979	6256	6257	6258	673	6932	6934	7157	7170	7175	7849	8030	8031	83439	999
Protein_digestion_and_absorption	10008	11136	117247	1277	1278	1280	1281	1282	1284	1286	1288	1289	1290	1291	1292	1293	1297	1298	1299	1301	1302	1303	1306	1308	131873	1357	1358	1359	1360	1361	1504	1506	1803	2006	206358	23428	23439	340024	3769	3783	3784	4224	4225	4311	476	477	478	480	481	482	483	486	50509	5222	54407	5547	5644	PRSS2	5646	59272	643834	643847	6505	6510	6519	6520	6543	6546	6547	6550	6564	7373	7512	80781	8645	9056
Tryptophan_metabolism	10352	11185	121278	125061	130013	15	1543	1544	1545	1644	1892	1962	217	219	223	224	23498	259307	ABP1	2639	3030	3033	316	38	39	4128	4129	ASMT	4967	501	51166	55753	56267	6999	7166	7453	847	8564	883	8942
Purine_metabolism	100	10201	10606	10621	10622	10623	107	10714	108	10846	109	111	11128	11164	112	113	114	115	122481	122622	124583	132	158	159	1633	171568	1716	196883	203	204	AK3L1	221823	2272	22978	23649	246721	25885	2618	26289	270	271	27115	272	2766	2977	2982	2983	2984	2986	2987	29922	3000	30833	30834	318	3251	353	3614	3615	3704	377841	471	4830	4831	4832	4833	4881	4882	4907	50484	50940	51082	NT5C3	51292	5136	5137	5138	5139	5140	5141	5142	5143	5144	5145	5146	5147	5148	5149	5150	5151	5152	5153	5158	5167	5169	51728	5198	5236	5313	PKM2	53343	54107	5422	5424	5425	5426	5427	5430	5431	5432	5433	5434	5435	5436	5437	5438	5439	5440	5441	5471	548644	55276	5557	PRIM2	55703	55821	5631	5634	56655	56953	C17orf48	57804	58497	6240	6241	64425	PRHOXNB	654364	661	7498	8382	84172	84265	84618	8622	8654	87178	8833	9060	9061	93034	953	9533	954	955	956	957	9583	9615
Adherens_junction	10163	10458	10580	10810	117178	1387	1457	1459	1460	1495	1496	1499	1500	1956	2033	2064	2241	2260	2534	25945	29119	3480	3643	387	4008	4087	4088	4089	4233	4301	51176	51701	52	5594	5595	56288	5770	5777	5787	5792	5795	5797	5818	5819	5879	5880	5881	60	6591	6615	6714	6885	6932	6934	7046	7048	7082	71	7414	7454	7525	81	81607	83439	87	88	8826	89	8936	8976	9855	998	999
O-Glycan_biosynthesis	11226	11227	114805	GALNTL2	168391	192134	2589	2590	2591	26290	2650	29071	GALNTL4	GALNT9	51301	51809	55568	55808	56913	GALNTL1	63917	64409	6482	6483	79623	79695	8693	9245	9334
Long-term_potentiation	10411	107	CHP	114	1387	163688	2033	23236	27330	2776	2890	2891	2902	2903	2904	2905	2906	2911	2915	3265	369	3708	3709	3710	3845	4659	468	4893	51806	5330	5331	5332	5499	5500	5501	5502	5530	5532	5533	5534	5535	5566	5567	5568	5578	5582	5594	5595	5604	5605	5613	5894	5906	5908	6195	6196	6197	63928	673	775	801	805	808	810	814	815	816	817	818
Endometrial_cancer	10000	10297	1495	1496	1499	1950	1956	2002	2064	207	208	2309	23533	2885	29119	2932	324	3265	3611	369	3845	4292	4609	4893	51176	5170	5290	5291	5293	5294	5295	5296	5594	5595	5604	5605	572	5728	5894	595	6654	6655	673	6932	6934	7157	8312	8313	83439	842	8503	999
Endocytosis	10015	10059	10193	10254	10617	10938	11031	11059	11267	11311	1173	1175	1211	1212	1213	1234	128866	131890	137492	138429	1436	153	154	155	155382	156	157	160	1601	161	163	1759	1785	1950	1956	2060	2065	2066	2149	2261	2263	2264	22841	22905	23096	2321	23327	23362	23396	2348	2350	2352	23550	23624	25978	26052	26056	26119	26286	27183	27243	2868	2869	2870	28964	29082	29924	30011	30844	30845	30846	3105	3106	3107	3133	3134	3135	3265	3303	3304	3305	3306	3310	3312	3480	3559	3560	3561	3791	3815	382	387	3949	408	4087	4088	409	4091	4092	4193	4233	440073	4734	4914	50855	51028	51100	51160	51510	51534	5156	VPS24	5337	5338	5371	55040	55048	55738	5584	5590	56288	5662	56904	57132	57154	57403	5867	5868	5869	5878	5979	GRK1	60682	ZFYVE20	6455	6456	6457	64744	64750	6714	7037	7040	7042	7043	7046	7048	7189	7251	7852	7879	79643	79720	80223	80230	8027	8218	83737	8394	8395	8411	84249	84313	84364	84440	84552	84612	857	858	859	867	868	8766	FAM125B	9101	9135	9146	9230	92421	FAM125A	9372	9525	9727	9765	9815	9829	9922	998
RNA_polymerase	10621	10622	10623	11128	171568	246721	25885	30834	51082	51728	5430	5431	5432	5433	5434	5435	5436	5437	5438	5439	5440	5441	548644	55703	64425	661	84172	84265	9533
Alanine,_aspartate_and_glutamate_metabolism	122622	1373	158	159	18	189	2571	2572	259307	2673	27165	2744	2746	2747	2752	2805	2806	2875	435	440	443	445	5471	56954	64902	790	7915	84706	8528	8659	91703	9945
Protein_export	10952	11231	196294	23478	23480	28972	29927	3309	5018	55176	58477	60559	6726	6727	6728	6729	6730	6731	6734	7095	83943	90701	9789
Retinol_metabolism	10170	10720	10901	10941	124	125	126	127	128	130	131	145226	1543	1544	1548	1549	1551	1553	1555	1557	1558	1559	1562	157506	1576	1577	1579	1592	216	284541	317749	340665	50700	51109	BCMO1	54490	54575	54576	54577	54578	54579	54600	54657	54658	54659	54884	56603	574537	5959	6121	64816	7363	7364	7365	7366	7367	79799	8228	84649	8608	8694	8854	9227	9249
Leukocyte_transendothelial_migration	1003	10398	10411	10451	10686	11069	1364	1365	1366	137075	1432	149461	1495	1496	1499	1500	1535	1536	2185	23533	23562	24146	26285	27035	2770	2771	2773	GRLF1	29119	29895	3383	3676	3683	3684	3688	3689	3702	387	394	399	CD99	4301	4313	4318	4478	4633	4636	4688	4689	100506658	49861	5010	50508	50848	51208	5175	5290	5291	5293	5294	5295	5296	5335	5336	53842	5578	5582	5600	5603	5747	5781	5829	58494	58498	5879	5880	5906	5908	60	6093	6300	6387	6494	653361	7070	71	7122	7294	7408	7409	7410	7412	7414	7430	7852	81	83593	83700	8503	87	88	89	9071	9073	9074	9075	9076	9080	90952	9475	9564	998
Aldosterone-regulated_sodium_reabsorption	23327	23439	23533	2810	3290	3291	3479	3630	3643	3667	3758	3845	4306	476	477	478	480	481	482	483	486	5170	5290	5291	5293	5294	5295	5296	53828	5578	5582	5594	5595	6337	6338	6340	6446	8471	8503	8660	9351
Folate_biosynthesis	1719	2356	248	249	250	251	2643	5805	5860	6697	8836
NOD-like_receptor_signaling_pathway	10392	10910	114548	1147	1432	22861	22900	260434	29108	2919	2920	329	330	331	3320	3326	3551	3553	3569	IL8	3606	4210	4671	4790	4792	4793	55914	5594	5595	5599	5600	5601	5602	5603	58484	5970	6300	6347	6352	6354	6355	6356	6357	64127	64170	6885	7124	7128	7184	7189	7205	834	838	841	84674	8517	8767	9051
Bladder_cancer	1019	1026	1029	11186	1612	1613	1869	1870	1871	1890	1950	1956	2064	2261	2277	23604	3265	IL8	369	3845	4193	4312	4313	4318	4609	4893	5228	5594	5595	5604	5605	5894	5925	595	673	7057	7157	7422	7423	7424	9252	999
Cytokine-cytokine_receptor_interaction	10344	10563	10663	10673	10803	10850	10913	11009	115650	116379	1230	1232	1233	1234	1235	1236	1237	1270	1271	1435	1436	1437	CSF2RA	1439	1440	1441	1489	149233	1524	IL28RA	1896	1950	1956	2056	2057	2277	2321	2322	2323	2324	23495	23529	23765	268	2688	2689	269	2690	27190	27242	2826	IL28A	IL28B	IL29	2829	2833	2919	2920	2921	29949	3082	3439	3440	3441	3442	3443	3444	3445	3446	3447	3448	3449	3451	3452	3454	3455	3456	3458	3459	3460	3467	355	3552	3553	3554	3556	3558	3559	356	3560	3561	3562	IL3RA	3565	3566	3567	3568	3569	3570	3572	3574	3575	IL8	3578	IL9R	3586	3587	3588	3589	3590	3592	3593	3594	3595	3596	3597	3600	3601	3604	3605	3606	3624	3625	3626	3627	3791	3815	9560	3952	3953	3976	3977	4049	4050	4055	414062	4233	4254	4283	4352	4804	4982	5008	50604	50615	50616	51330	5154	5155	5156	51561	5159	5196	5197	53832	53833	5473	55504	55540	55801	56034	5617	5618	56477	56832	CXCR7	58191	58985	59067	60401	608	6346	6347	6348	6349	6351	6352	6354	6355	6356	6357	6358	6359	6360	6361	6362	6363	6364	6366	6367	6368	6369	6370	6372	6373	6374	6375	6376	6387	CRLF2	643	64806	650	655	657	658	659	6846	7040	7042	7043	7046	7048	7124	7132	7133	7173	7292	729230	7293	7422	7423	7424	7850	7852	80301	8200	83729	84957	85480	8600	8718	8740	8741	8742	8743	8744	8764	8771	8784	8792	8793	8794	8795	8797	8807	8809	8995	90	91	9180	92	93	939	943	944	9547	388372	958	959	970	9966
Mismatch_repair	10714	27030	2956	29935	3978	4292	4436	4437	5111	5395	5424	5425	57804	5981	5982	5983	5984	5985	6117	6118	6119	6742	9156
Non-homologous_end-joining	10111	1791	2237	2547	27343	27434	3981	4361	5591	64421	7518	7520	79840
Pentose_and_glucuronate_interconversions	10720	10941	217	219	224	231	27294	2990	51084	51181	54490	54575	54576	54577	54578	54579	54600	54657	54658	54659	574537	6120	7358	7360	7363	7364	7365	7366	7367	79799	9942
Primary_immunodeficiency	100	115650	23495	29760	29851	326	3543	3561	3575	3718	3932	4261	57379	5788	5896	5897	5993	5994	64421	6890	6891	695	7374	7535	8517	8625	915	916	920	925	926	930	958	959	973
O-Mannosyl_glycan_biosynthesis	10585	29954	55624
Chemokine_signaling_pathway	10000	10235	10344	10451	10563	10663	10681	107	108	10803	10850	109	111	112	113	114	1147	115	1230	1232	1233	1234	1235	1236	1237	131890	1398	1399	1445	1524	156	157	1794	196883	207	208	2185	2268	2309	23236	23533	25759	26230	2770	2771	2773	2782	2783	2784	2785	2786	2787	2788	2790	2791	2792	2793	2826	2829	2833	2868	2869	2870	2885	2919	2920	2921	2931	2932	3055	3265	3551	IL8	3627	3702	3717	3718	3845	387	9560	399694	4067	408	409	414062	4283	4790	4792	4793	4893	5058	51764	5196	5197	5290	5291	5293	5294	5295	5296	5330	5331	5332	53358	54331	5473	5566	5567	5568	5580	5590	5594	5595	55970	5604	5613	56288	56477	5747	57580	58191	5829	5879	5880	5894	5906	5908	59345	5970	GRK1	6093	6346	6347	6348	6349	6351	6352	6354	6355	6356	6357	6358	6359	6360	6361	6362	6363	6364	6366	6367	6368	6369	6370	6372	6373	6374	6375	6376	6387	643	6464	653361	6654	6655	673	6772	6773	6774	6777	6846	7074	729230	7409	7410	7454	7852	8503	8517	8976	94235	9475	9547	388372	9564	9844	998
Toxoplasmosis	10000	100137049	10105	10319	1147	1234	123745	1432	207	208	22798	23533	23643	240	26279	2770	2771	2773	2775	284217	30814	3108	3109	3111	3112	3113	3115	3117	3118	3119	3122	3123	3127	329	330	3303	3304	3305	3306	331	3310	3312	3458	3459	3460	3551	3586	3587	3588	3592	3593	3654	3655	3688	3716	3717	3908	3909	3910	391013	3911	3912	3913	3914	3915	3918	3949	4261	4615	4790	4792	4793	50487	51135	5163	5290	5291	5293	5294	5295	5296	5319	5320	5321	5322	54205	5594	5595	5599	5600	5601	5602	5603	5606	5608	572	596	5970	598	6300	64600	6772	6774	6885	7040	7042	7043	7097	7099	7124	7132	7189	7297	81579	836	8398	8399	841	842	84647	8503	8517	8651	958	959
Synthesis_and_degradation_of_ketone_bodies	3155	3157	3158	38	39	5019	56898	622	64064
Nucleotide_excision_repair	1022	1069	10714	1161	1642	1643	2067	2068	2071	2072	2073	2074	2965	2966	2967	2968	29935	3978	404672	4331	5111	54107	5424	5425	5426	5427	56655	57804	5886	5887	5981	5982	5983	5984	5985	6117	6118	6119	7507	7508	8450	8451	902	9978
Ubiquitin_mediated_proteolysis	10054	10055	10075	10273	10277	10393	10401	10477	11059	11060	11065	1161	118424	140739	148581	1642	1643	22888	22954	23221	23291	23295	23327	23624	23759	246184	25847	25898	26091	26232	26259	26272	27338	27339	29882	29945	3093	326	329	330	331	378884	389898	4193	4214	4281	4591	4734	5071	51343	51366	51433	51434	51465	51529	51588	51619	5371	54926	55070	55120	55236	55284	55294	55585	55958	57154	57448	63893	64326	64682	64750	6477	6500	6502	65264	672	6921	6923	7189	7317	7318	7319	7320	7321	7322	7323	7324	7325	7326	7327	7328	7329	7332	7334	7337	7428	8065	83737	84447	8450	8451	8452	8453	8454	8554	8651	867	868	8697	8881	8916	8924	8925	8945	89910	9021	90293	9039	9040	9063	9246	92912	9320	9354	9616	9690	9817	9820	9886	991	996	997	9978
Collecting_duct_acid_secretion	10312	10723	1188	127124	155066	23545	245972	245973	495	496	50617	51382	523	525	526	527	528	529	534	535	6521	760	8992	90423	9114	9296	9550
Fatty_acid_metabolism	10449	PECI	124	125	126	126129	127	128	130	131	1374	1375	1376	1579	DCI	1892	1962	217	2180	2181	2182	219	223	224	23305	2639	284541	30	3030	3032	3033	33	34	35	36	37	38	39	501	51	51703	81616	8310
Alzheimer's_disease	102	1020	10476	CHP	125965	126328	1327	1329	1337	1339	1340	1345	1346	1347	1349	1350	1351	1537	163688	170712	2081	22926	23236	23385	23621	25825	2597	27089	2776	2902	2903	2904	2905	2906	2932	3028	317	322	3416	341947	348	351	355	3553	3708	3709	3710	374291	4023	4035	4137	4311	4694	4695	4696	4697	4698	4700	4701	4702	4704	4705	4706	4707	4708	4709	4710	4711	4712	4713	4714	4715	4716	4717	4718	4719	4720	4722	4723	4724	4725	4726	4728	4729	4731	4842	487	488	489	498	506	509	51079	51107	513	514	515	516	517	518	51806	522	5330	5331	5332	539	54205	54539	5530	5532	5533	5534	5535	55851	5594	5595	55967	5663	5664	56901	572	6263	637	6389	6390	6391	6392	63928	6622	6868	7124	7132	7381	7384	7385	7386	7388	775	776	778	779	801	805	808	810	823	824	836	840	841	842	84701	8772	8851	8883	9167	9377	9451
Tight_junction	10000	1019	10207	10398	10686	11336	1364	1365	1366	137075	1457	1459	1460	149461	1495	1496	1499	150084	154810	2017	2035	2036	2037	207	208	22800	22808	22989	23136	23562	24146	260425	26285	27134	2770	2771	2773	29119	29895	3059	3265	3845	387	3993	3996	4301	4619	4620	4621	4622	4624	4625	4626	4627	4628	4629	4633	4636	4893	100506658	49861	5010	50848	50855	51208	51776	53842	5515	5516	5518	5519	5520	5521	5522	5578	5580	5581	5582	5583	5584	55844	55870	5588	5590	56288	5728	57530	57644	58494	58498	5865	5872	60	60412	6237	64398	6709	6714	7082	71	7122	7525	79784	81	8189	83700	84552	84612	CSDA	8573	87	8735	8777	88	89	9071	9073	9074	9075	9076	9080	9218	9223	92359	93643	9414	9863	998
Glioma	10000	1019	1021	1026	1029	163688	1869	1870	1871	1950	1956	207	208	23533	25759	2885	3265	3479	3480	369	3845	399694	4193	4893	5154	5155	5156	5159	51806	5290	5291	5293	5294	5295	5296	5335	53358	5336	5578	5582	5594	5595	5604	5605	5728	5894	5925	595	6464	6654	6655	673	7039	7157	801	805	808	810	815	816	817	818	8503
Type_I_diabetes_mellitus	1363	2571	2572	3002	3105	3106	3107	3108	3109	3111	3112	3113	3115	3117	3118	3119	3122	3123	3127	3133	3134	3135	3329	3382	3458	355	3552	3553	3558	356	3592	3593	3630	4049	5551	5798	5799	7124	940	941	942
Intestinal_immune_network_for_IgA_production	10673	10803	10850	115650	23308	23495	2826	29851	3108	3109	3111	3112	3113	3115	3117	3118	3119	3122	3123	3127	3558	3565	3567	3569	3586	3600	3601	3676	3695	4055	5284	56477	57379	608	6370	6387	7040	7852	8174	8741	9020	940	941	942	958	959
Progesterone-mediated_oocyte_maturation	10000	1017	10393	10459	107	108	109	111	112	113	114	115	1432	196883	207	208	23533	245711	246184	25847	27330	2770	2771	2773	29882	29945	3320	3326	3479	3480	3630	369	3845	387778	4085	4342	51343	5139	5140	51433	51434	51529	5241	5290	5291	5293	5294	5295	5296	5347	5566	5567	5568	5594	5595	5599	5600	5601	5602	5603	5604	5613	5894	6195	6196	6197	6300	64506	64682	673	699	8379	8503	85417	8697	8881	890	8900	891	9088	9133	993	994	995	996
SNARE_interactions_in_vesicular_transport	10228	10282	10490	10652	10791	112755	143187	2054	415117	51272	53407	55014	55850	6616	662	6804	6809	6810	6811	6843	6844	VAMP7	8417	8673	8674	8675	8676	8677	8773	9341	9342	9482	9527	SEC22B	9570
Circadian_rhythm_-_mammal	1407	1408	1453	1454	23291	26224	406	4862	5187	6095	6096	6097	6500	8454	8863	8864	8945	9572	9575	9978
Small_cell_lung_cancer	10000	1017	1019	1021	1027	1030	10319	10401	1147	1163	1282	1284	1286	1288	1869	1870	1871	207	208	2272	22798	2335	23533	284217	317	329	330	331	3551	3655	3673	3674	3675	3685	3688	3908	3909	3910	3911	3912	3913	3914	3915	3918	4149	4609	4790	4792	51588	5290	5291	5293	5294	5295	5296	54205	5728	5743	5747	5915	5925	595	596	5970	598	6256	6257	6258	6502	7157	7185	7186	7187	7188	7189	842	8503	8517	8554	898	9063	9134	9618
Salivary_secretion	107	108	109	111	112	113	1131	114	115	146	1469	147	1470	1471	1472	1473	148	153	154	155	163688	1755	196883	23236	23439	276	277	2776	2778	278	2977	2982	2983	3346	362	3708	3709	3710	3778	3783	4025	4069	4589	476	477	478	480	481	482	483	4842	486	490	491	492	493	51806	5330	5331	5332	54831	5542	55503	5554	5555	5566	5567	5568	5578	5582	5592	5593	5613	6263	6522	653247	6548	6558	6779	683	6844	727897	801	805	808	810	820	952
Phosphatidylinositol_signaling_system	1040	10423	113026	1606	1607	1608	160851	1609	163688	23236	23396	23533	3612	3613	3628	3631	3632	3633	INPP5D	3636	3705	3706	3707	3708	3709	3710	4952	51196	51806	5286	5287	5288	5289	5290	5291	5293	5294	5295	5296	5297	5298	5305	5330	5331	5332	5333	5335	5336	55300	55361	5578	5582	56623	5728	64768	79837	801	805	808	810	8394	8395	8396	84812	8503	8525	8526	8527	8760	8821	8867	8871	89869	9162
Fatty_acid_elongation_in_mitochondria	10449	1892	3030	3032	3033	51102	5538	9374
Thiamine_metabolism	27010	79178	9054
Insulin_signaling_pathway	10000	10211	10580	10603	10891	122809	1398	1399	163688	1977	1978	2002	207	208	2194	2203	2308	2319	23265	23433	23533	23624	253314	2538	25759	2645	2872	2885	2889	2932	2997	2998	3098	3099	31	3101	32	3265	3551	3630	INPP5D	3643	3667	369	3845	3991	399694	4893	5105	5106	5139	5140	51422	5170	51806	5255	5256	5257	5260	5261	5290	5291	5293	5294	5295	5296	5313	53358	53632	5499	5500	5501	5506	5507	5509	5562	5563	5564	5565	5566	5567	5568	5571	5573	5575	5576	5577	5584	5590	5594	5595	5599	5601	5602	5604	5605	5613	572	5770	57818	5792	5834	5836	5837	5894	6009	6194	6198	6199	6464	6517	6654	6655	6720	673	7248	7249	79660	801	805	808	810	8471	8503	8569	8651	8660	867	868	8789	8835	9021	9322	9470
Protein_processing_in_endoplasmic_reticulum	10113	10130	10134	10273	10277	10294	MARCH6	10427	10477	10483	10484	10525	10802	10808	10905	10952	10956	10960	10961	10970	11231	11253	118424	1409	1410	143630	1603	1649	1650	1965	201595	2081	22824	22872	22926	23193	23471	23480	23640	23645	258010	25956	26232	26270	267	27102	285126	2923	29927	29978	29979	30001	3300	3301	3303	3304	3305	3306	3309	3310	3312	3320	3326	3337	3703	3998	4121	4217	4287	440275	468	4780	5034	50613	5071	51009	51128	51360	51465	51619	51726	54431	54788	55176	55432	55666	55741	55768	SELS	5589	55968	5599	5601	5602	5609	5610	5611	56605	56681	56893	57134	573	578	581	5886	5887	596	6048	6184	6185	6238	6396	6400	64215	64374	6500	6745	6746	6747	6748	7095	7184	7186	7321	7322	7323	7324	7325	7326	7327	7353	7415	7466	7494	79139	79748	7991	80267	80331	811	81567	821	823	824	84447	8454	85479	8720	91319	9373	9451	9532	9601	9632	9695	9709	9871	9978
Huntington's_disease	10126	10476	10488	10540	10891	1173	1175	1211	1212	1213	125965	126328	1327	1329	1337	1339	1340	1345	1346	1347	1349	1350	1351	1385	1387	146754	148327	1537	160	161	163	1639	170712	1742	2033	23186	23236	246721	25942	25981	27019	27089	27113	2776	2876	2902	2904	291	2911	2915	292	SLC25A6	3064	3065	3066	3092	317	341947	3708	374291	387332	4694	4695	4696	4697	4698	4700	4701	4702	4704	4705	4706	4707	4708	4709	4710	4711	4712	4713	4714	4715	4716	4717	4718	4719	4720	4722	4723	4724	4725	4726	4728	4729	4731	4899	498	506	509	51079	51164	513	514	515	516	517	518	522	5330	5331	5332	539	54205	5430	5431	5432	5433	5434	5435	5436	5437	5438	5439	5440	5441	54539	5468	5481	548644	55081	55567	55967	56901	581	5978	627	6389	6390	6391	6392	64446	64764	6647	6648	6667	6874	6875	6908	7019	7052	7157	7350	7381	7384	7385	7386	7388	7416	7417	7419	7802	8218	83447	83544	836	841	842	84699	84701	9001	90993	9167	9377	9519	9586
B_cell_receptor_signaling_pathway	10000	10451	10725	10892	11025	CHP	1147	118788	1380	207	208	2213	2353	23533	25780	27071	2885	2932	29760	3265	3551	INPP5D	3725	3845	4067	4772	4773	4775	4776	4790	4792	4793	4794	4893	5290	5291	5293	5294	5295	5296	5336	5530	5532	5533	5534	5535	5594	5595	5604	5605	5777	5879	5880	5881	5894	5970	63928	6654	6655	6850	695	7409	7410	84433	8503	8517	8519	8915	930	933	971	973	974	975
Glutathione_metabolism	119391	124975	221357	2539	257202	2678	2686	2687	26873	2729	2730	2876	2877	2878	2879	2880	2882	290	2936	2937	2938	2939	2940	2941	2944	2946	2947	2948	2949	2950	2952	2953	2954	3417	3418	373156	4257	4258	4259	4953	50484	51056	51060	5226	6240	6241	6611	6723	9446
Starch_and_sucrose_metabolism	10720	10941	11181	178	2538	2548	2595	2632	2645	276	277	278	279	280	2821	283209	2990	2997	2998	3098	3099	3101	5167	5169	5236	54490	54575	54576	54577	54578	54579	54600	54657	54658	54659	55276	574537	57733	57818	5834	5836	5837	6476	7358	7360	7363	7364	7365	7366	7367	79799	80146	8972
Bacterial_invasion_of_epithelial_cells	10059	10092	10093	10094	10095	10109	10163	10459	10552	1211	1212	1213	1398	1399	1495	1496	1499	SEPT1	1759	1785	1793	2017	2335	23533	23607	23624	2549	25759	26052	SGEF	29119	3059	3611	3678	3688	387	391	399694	4233	5290	5291	5293	5294	5295	5296	53358	5747	5829	5879	60	6464	6714	71	7414	7454	79658	81873	8218	8503	857	858	859	867	868	8936	8976	9564	9844	998	999
Leishmaniasis	1378	1432	1535	2002	2209	2212	2214	2215	2353	3108	3109	3111	3112	3113	3115	3117	3118	3119	3122	3123	3127	3458	3459	3460	3552	3553	3565	3586	3592	3593	3654	3676	3684	3688	3689	3716	3717	3725	4615	4688	4689	4790	4792	4793	51135	5594	5595	5600	5603	5743	5777	5970	6300	65108	653361	6772	6885	7040	7042	7043	7097	7099	7124	718	7189	9103
Linoleic_acid_metabolism	100137049	123745	1544	1551	1557	1558	1559	1562	1571	1573	1576	1577	246	26279	30814	391013	50487	5319	5320	5321	5322	57016	64600	64816	81579	8398	8399	84647
Lysine_biosynthesis	10157	501	51166
Caffeine_metabolism	10	1544	1548	1549	1553	7498	9
Oocyte_meiosis	1017	10393	10459	107	10734	10744	108	109	10971	111	112	CHP	113	114	115	151648	163688	196883	23291	245711	246184	25847	26271	27127	27330	286151	29882	29945	3479	3480	3630	367	3708	3709	3710	387778	4085	4342	51433	51434	51529	51806	5241	5347	5499	5500	5501	5515	5516	5518	5519	5525	5526	5527	5528	5529	5530	5532	5533	5534	5535	5566	5567	5568	5594	5595	5604	5613	6195	6196	6197	6300	63928	64506	64682	6500	6790	699	7529	7531	7532	7533	7534	801	805	808	810	815	816	817	818	8243	8454	8697	8881	891	8945	898	89869	9088	9126	9133	9134	9232	9700	9748	991	995	996	9978	9985
Asthma	2205	2206	2207	3108	3109	3111	3112	3113	3115	3117	3118	3119	3122	3123	3127	3562	3565	3567	3578	3586	3596	5553	6037	6356	7124	8288	958	959
Systemic_lupus_erythematosus	121504	126961	128312	1511	158983	2209	2212	2213	2214	2215	221613	255626	2903	2904	3012	3013	3014	3015	3017	3018	3020	3021	3108	3109	3111	3112	3113	3115	3117	3118	3119	3122	3123	3127	317772	333932	3458	3586	440689	474381	474382	554313	55506	55766	653604	6628	6632	6634	6737	6738	6741	712	7124	713	714	C1R	716	717	718	720	721	723790	727	729	730	731	732	733	735	81	8290	8294	8329	8330	8331	8332	8334	8335	8336	8337	8338	8339	8340	8341	8342	8343	8344	8345	8346	8347	8348	8349	8350	8351	8352	8353	8354	8355	8356	8357	8358	8359	8360	8361	8362	8363	8364	8365	8366	8367	8368	8369	8370	83740	85235	85236	87	88	89	8968	8969	8970	9103	92815	940	941	942	94239	9555	958	959
Prostate_cancer	10000	1017	1026	1027	10488	1147	1385	1387	148327	1499	1869	1870	1871	1950	1956	2033	2064	207	208	2260	2263	2308	23533	2885	2932	2950	3265	3320	3326	3479	3480	354	3551	3630	3645	367	369	3845	4193	468	4790	4792	4824	4893	51176	5154	5155	5156	5159	5170	5290	5291	5293	5294	5295	5296	5594	5595	56034	5604	5605	572	5728	5894	5925	595	596	5970	64764	6654	6655	6716	673	6932	6934	7039	7157	7184	80310	83439	842	84699	8503	8517	898	90993	9134	9586
Drug_metabolism_-_cytochrome_P450	10720	10941	119391	124	125	126	127	128	130	131	1544	1548	1549	1551	1553	1555	1557	1558	1559	1562	1565	1571	1576	1577	218	220	221	221357	222	2326	2327	2328	2329	2330	2938	2939	2940	2941	2944	2946	2947	2948	2949	2950	2952	2953	2954	316	373156	4128	4129	4257	4258	4259	54490	54575	54576	54577	54578	54579	54600	54657	54658	54659	574537	64816	7363	7364	7365	7366	7367	79799	9446
Focal_adhesion	10000	10298	10319	10398	10451	1101	1277	1278	1280	1281	1282	1284	1286	1288	1289	1290	1291	1292	1293	1301	1302	1311	131873	1398	1399	1499	1729	1793	1950	1956	2002	2064	207	208	2277	22798	22801	2316	2317	2318	2321	2324	2335	23396	23533	2534	25759	284217	2885	2889	GRLF1	2932	29780	29895	3082	3265	329	330	331	3371	3381	3479	3480	3611	3655	3672	3673	3674	3675	3676	3678	3679	3680	3685	3688	3690	3691	3693	3694	3695	3696	3725	3791	387	3908	3909	3910	3911	3912	3913	3914	3915	3918	394	399694	4233	4633	4636	4638	4659	50509	5058	5062	5063	5154	5155	5156	5159	5170	5228	5290	5291	5293	5294	5295	5296	53358	5499	5500	5501	55742	5578	5582	5594	5595	5599	5601	5602	56034	5604	5649	56924	57144	572	5728	5747	5829	58498	5879	5880	5881	5894	5906	5908	5923	595	596	60	6093	63923	64098	6464	6654	6655	6696	6714	673	7057	7058	7059	7060	7094	71	7143	7148	7408	7409	7410	7414	7422	7423	7424	7448	7450	7791	80310	81	824	83660	8503	8515	8516	85366	857	858	859	87	88	89	894	896	91807	9475	9564	998
Butirosin_and_neomycin_biosynthesis	2645	3098	3099	3101
Taste_transduction	112	114	196883	259285	259286	259287	259289	259292	259296	2778	2782	2784	2785	2914	29850	338398	346562	353164	3710	3745	ACCN1	50831	50832	50833	50834	50835	50836	50837	50838	50839	50840	5136	51764	5330	54429	5566	5567	5568	5613	5726	6337	6338	6340	773	774	80834	80835	83756
Fructose_and_mannose_metabolism	197258	2203	226	229	230	231	2762	29085	29925	29926	3098	3099	3101	3795	4351	5207	5208	5209	5210	5211	5213	5214	5372	5373	57016	6652	7167	7264	8776	8789	8790	8898	9107	9108
Pancreatic_secretion	100137049	1056	107	108	1080	109	111	112	113	1131	114	115	1179	123745	1357	1358	1359	1360	1361	1504	1506	1811	196883	219931	22802	23236	23439	26279	2776	2778	279	280	30814	3708	3709	3710	3778	3784	387	391013	4218	476	477	478	480	481	482	483	486	487	488	489	490	491	492	493	50487	5319	5320	5321	5322	5330	5331	5332	5406	5407	5408	5578	5582	5644	PRSS2	5646	5874	5879	5906	5908	6262	6344	64600	6522	6548	6558	683	7220	760	81579	8398	8399	84647	8671	8766	886	952	9545	9635
Nitrogen_metabolism	11238	1373	1491	23632	27165	2744	2746	2747	275	2752	3034	377677	440	759	760	761	762	763	765	766	767	768	771
Metabolic_pathways	10	100	10007	100137049	10020	10026	10063	10157	10170	10195	10201	10229	10312	10317	10327	10331	1036	10380	10390	1040	10400	10402	10423	10449	10476	10554	10555	10558	1056	10588	10606	10621	10622	10623	10632	10654	1066	10678	10682	10690	10714	10720	10768	10797	10841	10855	10873	10901	10905	10941	10993	10998	11019	B3GNT1	1109	11112	11128	1119	1120	11226	11227	11232	112483	11253	11282	11285	113026	11320	11343	ADC	113612	114805	1152	1158	1159	1160	116285	GALNTL2	119548	120227	121278	122481	122622	123099	123745	123876	124	124454	124975	125	125061	125965	126	126328	126792	127	127124	128	128869	129607	129642	130	130013	131	1312	131669	132	132158	1327	132789	1329	1337	1339	1340	134147	1345	1349	1350	1351	135152	1352	1353	1355	1371	1373	137964	138050	138429	139596	140838	1431	144193	144245	145226	146664	1491	15	CTPS	151531	1537	154141	1543	1544	1548	1549	155066	1551	1553	1555	1557	1558	1559	1562	1571	1573	157506	1576	1577	1579	158	1581	1582	1583	1584	1585	1586	1588	1589	159	1593	1594	1595	160287	1603	1606	1607	1608	160851	1609	1610	1621	162417	162466	1629	1633	1635	1638	1644	1650	166929	168391	170712	171568	1716	1717	1718	1719	1723	1737	1738	1743	1757	178	1786	1787	1788	1789	1798	18	1806	1807	1841	1854	189	1890	1892	191	192134	1962	197258	199857	201595	2023	2026	2027	203	204	AK3L1	2053	2058	210	211	212	2131	2132	2134	2137	216	217	218	2180	2181	2182	2184	219	2194	220	2203	221	CES7	221823	222	2222	2224	223	2235	224	226	2271	22845	22856	229	22928	22929	22934	22978	230	23057	231	23193	23236	23305	23382	23396	23417	23475	23483	23498	23530	23545	23553	23556	2356	23600	23649	23761	239	240	242	245972	245973	246	246721	247	248	249	250	251	2523	2524	2525	2526	2527	2528	2530	2531	2538	2539	254531	2548	256435	2571	2572	25796	2581	2582	2583	25834	2584	2585	2588	25885	2589	2590	25902	2591	2592	259230	2593	259307	2595	2597	DAK	26035	2618	262	26227	26229	26275	26279	2628	26289	2629	26290	26301	2632	26330	2639	2643	2645	2650	2651	2673	2678	2683	2686	2687	270	27010	27034	27087	27089	27090	271	2710	2712	27165	272	2720	27235	2729	2730	2731	27349	27430	2744	2746	2747	275	2752	276	2762	277	278	279	2799	28	280	2805	2806	2821	283208	284098	284541	2875	290	29071	2937	2954	2987	29880	2990	29906	29920	29922	29925	29926	29929	29947	29958	29968	30	3028	3030	3032	3033	3034	3067	3073	3074	3081	30814	30815	30833	30834	3098	3099	31	3101	314	3141	3145	3155	3156	3157	3158	316	317749	32	3242	3251	326625	3283	3284	3290	3291	3292	3293	3294	3295	33	3340	3373	337876	339221	34	341392	3417	3418	3419	341947	3420	3421	3422	3423	3425	348158	349565	35	353	36	3612	3613	3614	3615	3628	3631	3632	3633	3636	37	3703	3704	3705	3706	3707	3712	374291	GALNTL4	3795	38	383	384	39	3906	391013	3938	3939	3945	3948	3990	4047	4048	4051	4056	411	4121	4122	4124	4128	4129	4143	4144	4190	4191	4199	4245	4247	4248	4249	427	4329	435	4351	4357	ASMT	440	440138	441024	441531	445	4507	4522	4524	4548	4594	4597	4598	4669	4694	4695	4696	4697	4698	47	4700	4701	4702	4704	4705	4706	4707	4708	4709	471	4710	4711	4712	4713	4714	4715	4716	4717	4718	4719	4720	4722	4723	4724	4725	4726	4728	4729	4731	48	4830	4831	4832	4833	4837	4842	4846	4907	493911	4942	4952	4953	4967	498	50	5009	501	5033	5048	50484	50487	5049	5050	5051	5053	506	GALNT9	50617	50700	50814	509	5091	5095	5096	51	51004	5105	51056	5106	51074	51082	51084	51102	51109	51144	51166	51179	51181	51196	51227	NT5C3	51268	513	5130	51301	51380	51382	514	51477	51478	515	51540	516	5160	51601	51604	51606	5161	5162	5167	5169	517	51703	51727	51728	51733	518	51805	51809	5198	521	5211	5213	5214	522	5223	5224	5226	523	5230	5232	5236	525	526	527	5277	5279	528	5281	5283	5286	5287	5288	5289	529	5297	5298	5313	PKM2	5319	5320	5321	5322	533	5330	5331	5332	5333	5335	53354	5336	5337	5338	534	535	BCMO1	537	5372	5373	539	53947	5406	5407	5408	5409	54107	54187	5422	5424	5425	5426	5427	5428	5430	5431	5432	5433	5434	54344	5435	5436	54363	5437	5438	5439	5440	5441	5444	5445	5446	54490	54575	54576	54577	54578	54579	54600	54657	54658	54659	54675	5471	54802	548596	548644	549	54947	54963	54965	5498	54988	54995	55163	55191	55224	55229	55256	55276	55300	55301	55304	55312	55361	5538	55454	55500	55512	55568	5557	PRIM2	55627	55650	55703	55750	55753	55790	55808	55821	55902	55907	56052	5625	56267	5631	5634	56474	56623	56624	56655	56848	56894	56895	56898	56901	56913	56922	56953	56994	570	57016	57026	57134	5723	5730	5740	5742	5743	GALNTL1	574537	57678	57804	57818	5805	5831	5832	5833	58510	5859	586	5860	587	593	594	5980	60490	60495	6120	6184	6185	622	6240	6241	6296	6303	SC4MOL	SC5DL	6342	635	6389	6390	6391	63917	6392	64087	64131	64132	64409	64425	6448	64579	64600	PRHOXNB	6470	6472	6476	64768	6480	64802	64816	6482	6483	6484	6487	6489	64902	65220	65263	654364	6609	661	6610	6611	6652	6675	6677	669	6697	6713	6718	6723	683	686	6888	6898	6916	6999	7054	7083	7084	7086	7108	7166	7167	7173	7263	7264	7298	7299	7306	7357	7358	7360	7363	7364	7365	7366	7367	7368	7371	7372	7378	7381	7384	7385	7386	7388	7390	7498	790	79053	79087	7915	79178	7923	79369	7941	79586	79611	79623	79646	79695	79717	79796	79799	79814	79868	79888	7991	80025	80055	80142	80146	80270	80308	80339	80347	8050	81490	81579	81616	81849	81888	8277	8309	8310	83440	83549	8372	8382	8394	8395	8398	8399	84002	84076	84172	84265	84274	84532	84618	84620	84647	84649	84693	847	84701	84706	84720	84735	84803	84812	84890	84920	84992	8509	8513	8525	8526	8527	8529	85365	8540	8560	8564	8566	8608	8611	8612	8613	8630	8639	8659	8692	8693	8694	8702	8703	8704	8705	8706	8707	8708	873	8733	874	875	8760	8789	8790	8801	8802	8803	8813	8818	8821	883	8833	8854	8867	8869	8871	8877	8879	8942	8972	8974	89869	8992	9	90423	9060	9061	9091	9114	91373	9162	91734	9197	9245	92483	9249	9296	93034	93183	9331	9348	9374	9377	9380	9388	94005	9453	9468	9487	9488	9489	95	9514	9517	952	9533	9536	9550	9551	9563	9588	9615	978	9791	9942	9945
Selenoamino_acid_metabolism	10768	114049	124975	131965	1491	191	22928	22929	23382	2678	2686	2687	27430	4141	4143	4144	51409	51451	51540	55798	60487	875	9060	9061	92935	9836
Ubiquinone_and_other_terpenoid-quinone_biosynthesis	10229	27235	3242	51004	51805	6898	84274
Peroxisome	10005	PECI	10478	10654	10901	11001	11264	1384	1610	189	1891	1962	196743	2053	215	2180	2181	2182	225	23305	23417	23600	255027	25824	26061	26063	30	3155	3295	3417	3418	373156	390916	4358	4598	5052	51	51179	51268	51703	5189	5190	5191	5192	5193	5194	5195	5264	54363	54677	55670	55711	55825	570	5824	5825	5826	5827	5830	6342	6647	6648	7498	81616	8309	8310	83594	84188	8443	847	8504	8528	8540	8799	8800	92960	9409
Glycosphingolipid_biosynthesis_-_lacto_and_neolacto_series	10317	10331	10402	10678	10690	B3GNT1	2523	2524	2525	2526	2527	2528	2529	2651	2683	28	6484	6487	6489	79369	84002	8702	8703	8704	8707	8708
Hypertrophic_cardiomyopathy_(HCM)	10368	10369	1605	1636	1674	1756	2010	22801	27091	27092	3479	3569	3655	3672	3673	3674	3675	3676	3678	3679	3680	3685	3688	3690	3691	3693	3694	3695	3696	3908	4000	4607	4624	4625	4633	4634	488	51422	53632	5562	5563	5564	5565	5571	55799	59283	59284	59285	60	6262	6442	6443	6444	6445	6546	70	7040	7042	7043	71	7124	7134	7137	7139	7168	7169	7170	7171	7273	775	776	778	779	781	782	783	784	785	786	8515	8516	9254	93589
Prion_diseases	10963	1958	2002	2534	3303	3309	3552	3553	3569	3915	4684	4685	4851	5566	5567	5568	5594	5595	5604	5605	5613	5621	581	6352	6647	712	713	714	727	729	730	731	732	733	735
Base_excision_repair	10038	10039	10714	142	143	2237	23583	252969	27301	27343	3146	328	3978	3980	4350	4595	4913	4968	5111	54107	5423	5424	5425	5426	5427	55247	56655	57804	6996	7374	7515	79661	8930
Long-term_depression	100137049	10672	C7orf16	123745	1392	1394	23236	26279	2767	2768	2770	2771	2773	2775	2776	2778	2781	2890	2891	2892	2895	2911	2915	2977	2982	2983	30814	3265	3479	3480	369	3708	3709	3710	3845	391013	4067	4842	4893	50487	5319	5320	5321	5322	5330	5331	5332	5515	5516	5518	5519	5578	5582	5592	5593	5594	5595	5604	5605	5894	6261	64600	673	773	81579	8398	8399	84647
Other_glycan_degradation	10825	129807	175	23324	2517	2519	2629	2720	3073	3074	4123	4125	4126	4758	4759
RIG-I-like_receptor_signaling_pathway	10010	1147	1432	1540	1654	23586	DAK	29110	340061	3439	3440	3441	3442	3443	3444	3445	3446	3447	3448	3449	3451	3452	3456	3467	3551	IL8	3592	3593	3627	3661	3665	4214	4790	4792	4793	5300	54941	55593	5599	5600	5601	5602	5603	56832	5970	6300	64135	64343	6885	7124	7186	7187	7189	7706	79132	79671	841	843	8517	8653	8717	8737	8772	9140	9474	9636	9641	9755
Lysine_degradation	10157	10919	1743	1892	1962	217	219	223	224	GLT25D2	2639	29072	3030	3033	38	387893	39	4967	501	51111	51166	51268	5351	5352	54904	55217	55753	55870	6419	64324	6839	7468	GLT25D1	79723	79813	80854	83852	8424	84444	84787	8985	9739	9869
Sulfur_metabolism	10380	166012	445329	50515	55501	6783	6799	6817	6818	6820	6821	9060	9061
Glycosaminoglycan_biosynthesis_-_keratan_sulfate	10164	10678	B3GNT1	2530	2683	4166	6482	6483	6487	8534	8702	8703	8704	93010	9435
Dilated_cardiomyopathy	10368	10369	107	108	109	111	112	113	114	115	153	1605	1674	1756	196883	2010	22801	27091	27092	2778	3479	3655	3672	3673	3674	3675	3676	3678	3679	3680	3685	3688	3690	3691	3693	3694	3695	3696	3908	4000	4607	4624	4625	4633	4634	488	5350	5566	5567	5568	55799	5613	59283	59284	59285	60	6262	6442	6443	6444	6445	6546	70	7040	7042	7043	71	7124	7134	7137	7139	7168	7169	7170	7171	7273	775	776	778	779	781	782	783	784	785	786	8515	8516	9254	93589
Spliceosome	10084	THOC4	10262	10285	10286	10291	10450	10465	10523	10569	10594	10713	10907	10915	SFRS2B	10946	10992	11157	11325	11338	151903	153527	1655	1659	1665	220988	22827	22916	22938	22985	SR140	23450	23451	23658	24148	25766	25804	25949	26121	27258	27316	27339	29896	3178	3183	3190	3192	3303	3304	3305	3306	3310	3312	4116	4670	4686	4809	5093	51340	51362	51503	SF3B14	51645	51690	51729	5356	55110	55119	55660	55696	56259	56949	57187	57461	57819	58517	SFRS1	SFRS2	SFRS3	SFRS4	SFRS5	SFRS6	SFRS7	6626	6627	6628	6629	6631	6632	6633	6634	6635	6636	6637	7307	BAT1	8175	83443	84321	8449	84844	84950	84991	8559	SFRS9	8896	9092	9128	9129	9343	9416	9716	9775	9785	9879	988	9939	9984
ABC_transporters	10057	10058	10060	10257	10347	10349	10350	10351	1080	11194	1244	154664	19	20	21	215	22	225	23456	23457	23460	23461	24	26154	340273	368	4363	5243	5244	5825	5826	64137	64240	64241	6833	6890	6891	85320	8647	8714	89845	94160	9429	9619
Graft-versus-host_disease	3002	3105	3106	3107	3108	3109	3111	3112	3113	3115	3117	3118	3119	3122	3123	3127	3133	3134	3135	3458	355	3552	3553	3558	356	3569	3802	3804	3811	3812	3821	3824	5551	7124	940	941	942
Viral_myocarditis	1525	1604	1605	1756	1981	1982	22989	25	2534	27	3105	3106	3107	3108	3109	3111	3112	3113	3115	3117	3118	3119	3122	3123	3127	3133	3134	3135	3383	3683	3689	3908	4619	4620	4621	4622	4624	4625	4626	4627	4628	4629	54205	5551	57644	5879	5880	5881	595	60	637	6442	6443	6444	6445	71	79784	836	841	842	857	8672	8735	940	941	942	958	959
T_cell_receptor_signaling_pathway	10000	10125	1019	10298	10451	10725	10892	CHP	1147	1326	1432	1437	1493	1739	207	208	2353	23533	23624	2534	27040	2885	2932	29851	3265	3458	3551	3558	3565	3567	3586	3702	3725	3845	387	3932	3937	4690	4772	4773	4775	4776	4790	4792	4793	4794	4893	5058	5062	5063	5133	5163	5290	5291	5293	5294	5295	5296	5335	5530	5532	5533	5534	5535	5588	5594	5595	5600	5601	5603	5604	5605	5609	56924	57144	5777	5788	5894	5970	6300	63928	6654	6655	6885	7006	7124	7409	7410	7535	8440	84433	8503	8517	867	868	8915	9020	915	916	917	919	920	925	926	940	9402	959	998
Toll-like_receptor_signaling_pathway	10000	10333	114609	1147	1326	1432	148022	1513	207	208	2353	23533	23643	29110	3439	3440	3441	3442	3443	3444	3445	3446	3447	3448	3449	3451	3452	3454	3455	3456	353376	3551	3553	3569	IL8	3592	3593	3627	3654	3661	3663	3665	3725	3929	4283	4615	4790	4792	51135	51284	51311	5290	5291	5293	5294	5295	5296	54106	54472	5594	5595	5599	5600	5601	5602	5603	5604	5605	5606	5608	5609	5879	5970	6300	6348	6351	6352	6373	6416	6696	6772	6885	7096	7097	7098	7099	7100	7124	7187	7189	841	8503	8517	8737	8772	929	941	942	958	9641
Glycosphingolipid_biosynthesis_-_globo_series	10317	10690	2523	2524	26301	2717	3073	3074	4668	53947	6482	6483	6489	8706
Gastric_acid_secretion	107	108	1080	109	111	112	113	1131	114	115	115111	163688	196883	23236	23439	2520	2770	2771	2773	2776	2778	3274	3708	3709	3710	3758	3759	3766	3772	3773	3776	3784	389015	4638	476	477	478	480	481	482	483	495	496	51806	5330	5331	5332	54207	5566	5567	5568	5578	5582	5613	60	6522	6548	6750	6752	7430	760	801	805	808	810	815	816	817	818	85366	887	91807	9992
PPAR_signaling_pathway	10062	10580	10998	10999	11001	116519	126129	1374	1375	1376	1579	1581	1582	1593	1622	1962	2167	2168	2169	2170	2171	2172	2173	2180	2181	2182	23305	2710	2712	284541	28965	30	3158	33	335	336	34	345	3611	364	376497	4023	4199	4312	4973	51	5105	5106	51129	5170	51703	5360	5465	5467	5468	6256	6257	6258	6319	6342	7316	7350	79966	81616	8309	8310	9370	9415	948
Ether_lipid_metabolism	100137049	10390	123745	133121	254531	26279	30814	391013	5048	50487	5049	5050	5051	5168	5319	5320	5321	5322	5337	5338	54947	56994	64600	7941	79888	81579	8398	8399	84647	8540	8611	8612	8613
Jak-STAT_signaling_pathway	10000	SPRY3	10252	10253	10254	10379	10401	11009	1154	116379	122809	1270	1271	1387	1437	CSF2RA	1439	1440	1441	1442	1489	149233	161742	IL28RA	200734	2033	2056	2057	207	208	23529	23533	23624	2688	2689	2690	IL28A	IL28B	IL29	2885	29949	30837	3439	3440	3441	3442	3443	3444	3445	3446	3447	3448	3449	3451	3452	3454	3455	3456	3458	3459	3460	3467	3558	3559	3560	3561	3562	IL3RA	3565	3566	3567	3568	3569	3570	3572	3574	3575	3578	IL9R	3586	3587	3588	3589	3590	3592	3593	3594	3595	3596	3597	3598	3600	3601	3716	3717	3718	3952	3953	3976	3977	4352	4609	5008	50604	50615	50616	51561	51588	5290	5291	5292	5293	5294	5295	5296	53832	53833	55801	5617	5618	56832	5777	5781	58985	59067	595	598	CRLF2	6654	6655	6772	6773	6774	6775	6776	6777	6778	7173	7297	8027	81848	8503	85480	8554	8651	867	868	8835	894	896	9021	9063	9180	9655
Proteasome	10197	10213	122706	143471	23198	3458	51371	5682	5683	5684	5685	5686	5687	5688	5689	5690	5691	5692	5693	5694	5695	5696	5698	5699	5700	5701	5702	5704	5705	5706	5707	5708	5709	5710	5713	5714	5717	5718	5719	5720	5721	7979	9491	9861
Pathways_in_cancer	10000	1017	1019	1021	1026	1027	1029	10297	1030	10319	10342	10401	1050	10928	11186	11211	112398	112399	1147	1163	1282	1284	1286	1288	1387	1398	1399	1436	CSF2RA	1441	1487	1488	1495	1496	1499	1612	1613	1630	1855	1856	1857	1869	1870	1871	1950	1956	2033	2034	2064	207	208	2113	2246	2247	2248	2249	2250	2251	2252	2253	2254	2255	2256	2257	2258	2259	2260	2261	2263	2271	2277	22798	2308	2322	2323	2335	2353	23533	23604	23624	25	2535	26060	26281	26291	27006	27148	2735	2736	2737	284217	2885	29119	2932	2950	2956	3065	3066	3082	3091	324	3265	329	330	331	332	3320	3326	3479	3480	354	355	3551	356	3569	IL8	3655	367	3673	3674	3675	3685	3688	369	3716	3725	3728	3815	3845	387	3908	3909	3910	3911	3912	3913	3914	3915	3918	405	4087	4088	4089	4149	4193	4233	4254	4286	4292	4312	4313	4318	4436	4437	4609	4790	4791	4792	4824	4893	4914	51176	51384	5154	5155	5156	51588	5159	51684	5228	5290	5291	5293	5294	5295	5296	5335	5336	5337	5371	54205	54361	54583	5467	5468	5578	5582	5594	5595	5599	5601	5602	5604	5605	572	5727	5728	5743	5747	581	5879	5880	5881	5888	5894	5898	5899	5900	5914	5915	5925	595	596	5970	5979	598	613	6256	6257	6258	637	64399	6469	650	6502	6513	652	6608	6654	6655	6688	673	675	6772	6774	6776	6777	6789	6921	6923	6932	6934	7039	7040	7042	7043	7046	7048	7157	7170	7175	7184	7185	7186	7187	7188	7189	7422	7423	7424	7428	7471	7472	7473	7474	7475	7476	7477	7478	7479	7480	7481	7482	7483	7484	7704	7849	7855	7976	8030	8031	80326	8074	81029	8312	8313	8321	8322	8323	8324	8325	8326	83439	83593	836	841	842	8453	8503	8517	8554	861	862	8643	867	868	8772	8817	8822	8823	8900	89780	898	9063	9134	9618	9915	9965	9978	998	999
Basal_cell_carcinoma	10297	11211	1499	1855	1856	1857	2535	27148	2735	2736	2737	2932	324	51176	51384	51684	54361	5727	64399	6469	650	652	6608	6932	6934	7157	7471	7472	7473	7474	7475	7476	7477	7478	7479	7480	7481	7482	7483	7484	7855	7976	80326	81029	8312	8313	8321	8322	8323	8324	8325	8326	83439	8643	89780
Maturity_onset_diabetes_of_the_young	2494	2645	3087	3110	3170	3171	3172	3174	3175	3280	3375	3630	3651	389692	4760	4821	4825	50674	5078	5080	5313	6514	6927	6928
Tyrosine_metabolism	114049	124	125	126	127	128	130	131	1312	131965	1621	1638	1644	218	2184	220	221	222	259307	2805	2806	2954	3081	314	316	3242	4128	4129	4282	51409	51451	5409	55798	60487	6898	7054	7173	7299	7306	8639	9836
Glycosaminoglycan_degradation	10855	138050	23553	2588	2720	2799	2990	3073	3074	3373	3423	3425	411	4669	60495	6448	6677	8372	8692
Oxidative_phosphorylation	10063	10312	10476	10632	125965	126328	127124	1327	1329	1337	1339	1340	1345	1346	1347	1349	1350	1351	1352	1353	1355	1537	155066	170712	23545	245972	245973	27068	27089	341947	374291	4694	4695	4696	4697	4698	4700	4701	4702	4704	4705	4706	4707	4708	4709	4710	4711	4712	4713	4714	4715	4716	4717	4718	4719	4720	4722	4723	4724	4725	4726	4728	4729	4731	479	495	496	498	506	50617	509	51079	513	51382	514	515	516	51606	517	518	521	522	523	525	526	527	528	529	533	534	535	537	539	54539	5464	55967	56901	6389	6390	6391	6392	64077	7381	7384	7385	7386	7388	84701	8992	90423	9114	9167	9296	9377	9550	9551
Type_II_diabetes_mellitus	122809	23533	2645	3098	3099	3101	3551	3630	3643	3651	3667	3767	389692	5290	5291	5293	5294	5295	5296	5313	PKM2	5580	5581	5590	5594	5595	5599	5601	5602	6514	6517	6833	7124	773	774	775	776	777	8471	8503	8651	8660	8835	8913	9021	9370
Steroid_hormone_biosynthesis	10720	10941	1109	1312	1543	1545	1551	1576	1577	1581	1583	1584	1585	1586	1588	1589	1645	1646	3283	3284	3290	3291	3292	3293	3294	412	51144	51478	54490	54575	54576	54577	54578	54579	54600	54657	54658	54659	574537	64816	6715	6716	6718	6783	6820	7363	7364	7365	7366	7367	7923	79644	79799	8630	8644	9420
Natural_killer_cell_mediated_cytotoxicity	10451	10725	10870	CHP	117157	135250	1437	154064	2185	2207	2214	2215	22914	23533	2534	25759	259197	27040	2885	3002	3105	3106	3107	3133	3135	3265	3383	3384	3439	3440	3441	3442	3443	3444	3445	3446	3447	3448	3449	3451	3452	3454	3455	3456	3458	3459	3460	353091	355	356	3683	3689	369	3802	3804	3805	3809	3811	3812	3821	3822	3823	3824	3845	3932	3937	399694	4068	100507436	4277	4772	4773	4775	4776	4893	5058	51744	5290	5291	5293	5294	5295	5296	5335	53358	5336	5530	5532	5533	5534	5535	5551	5578	5582	5594	5595	5604	5605	5777	5781	5879	5880	5881	5894	637	63928	6452	6464	6654	6655	673	6850	7124	7305	7409	7410	7535	79465	80328	80329	836	8503	8743	8793	8794	8795	8797	919	9436	9437	962
Cardiac_muscle_contraction	10368	10369	10479	125965	1327	1329	1337	1339	1340	1345	1346	1347	1349	1350	1351	1537	170712	23439	27089	27091	27092	341947	4624	4625	4633	4634	476	477	478	480	481	482	483	486	488	55799	59283	59284	59285	6262	6546	6548	70	7134	7137	7139	7168	7169	7170	7171	7381	7384	7385	7386	7388	775	776	778	779	781	782	783	784	785	786	84701	9167	9254	93589	9377
Ascorbate_and_aldarate_metabolism	10720	10941	217	219	223	224	501	54490	54575	54576	54577	54578	54579	54600	54657	54658	54659	55586	574537	7358	7363	7364	7365	7366	7367	79799
Phagosome	10312	10332	10333	10376	10381	TUBB4	TUBB2C	10952	11151	112714	113457	127124	1311	CTSL1	1520	1535	1536	155066	1778	1780	1781	1783	203068	2204	2209	2212	2213	2214	2215	22925	23480	23545	23673	245972	245973	27035	29927	30835	3105	3106	3107	3108	3109	3111	3112	3113	3115	3117	3118	3119	3122	3123	3127	3133	3134	3135	347688	347733	3673	3678	3684	3685	3688	3689	3690	3693	3916	3920	4074	MRC1L1	4153	4353	4360	4481	4688	4689	4842	4973	50508	50617	51143	51382	51606	51807	523	525	526	527	528	5289	529	533	534	53407	535	537	55176	TUBB4Q	5868	5869	5878	5879	60	6441	64581	653361	653509	6890	6891	7037	7057	7058	7059	7060	7097	7099	71	C1R	718	7277	7278	7280	7846	7879	78989	79659	79861	81027	81035	811	821	83547	8411	8417	84617	84790	8685	8992	90423	9103	9114	9146	929	9296	9341	948	949	9550	SEC22B	9902
Aminoacyl-tRNA_biosynthesis	10056	10352	10667	118672	123263	123283	124454	16	1615	2058	2193	23395	23438	25973	2617	3035	3376	3735	4141	4677	51067	51091	51520	54938	55157	55699	57038	57176	57505	5859	5917	6301	6897	7407	7453	79587	79731	80222	833	8565	92935
Chronic_myeloid_leukemia	10000	1019	1021	1026	1027	1029	1147	1398	1399	1487	1488	1869	1870	1871	207	208	23533	23624	25	25759	2885	3065	3066	3265	3551	369	3845	399694	4088	4089	4193	4609	4790	4792	4893	5290	5291	5293	5294	5295	5296	53358	5594	5595	5604	5605	572	5781	5894	5925	595	5970	598	613	6464	6654	6655	673	6776	6777	7040	7042	7043	7046	7048	7157	8503	8517	861	867	868	9846
Chagas_disease	10000	10333	107	1147	1432	148022	1636	207	208	23236	2353	23533	2767	2769	2770	2771	2773	2774	2775	2776	2778	3456	3458	3459	3460	355	3551	3553	3558	356	3569	IL8	3586	3592	3593	3654	3725	4087	4088	414062	4615	4790	4792	5054	51135	5290	5291	5293	5294	5295	5296	5330	5331	5332	54106	5515	5516	5518	5519	5520	5521	5522	55844	5594	5595	5599	5600	5601	5602	5603	5970	624	6300	6347	6348	6349	6352	6416	7040	7042	7043	7046	7048	7097	7099	712	7124	713	7132	714	718	7189	811	841	8503	8517	8772	8837	915	916	917	919	9630
Primary_bile_acid_biosynthesis	10858	10998	1109	1581	1582	1593	23600	3295	51302	570	6342	6718	80270	8309	9023	9420
Staphylococcus_aureus_infection	10747	1675	1828	2204	2209	2212	2213	2214	2215	2266	2357	2358	2359	3075	3108	3109	3111	3112	3113	3115	3117	3118	3119	3122	3123	3127	3383	3426	3586	3683	3684	3689	3858	4153	5340	5648	5724	629	6403	6404	712	713	714	C1R	716	717	718	719	720	721	727	728	9103
Vascular_smooth_muscle_contraction	100137049	10203	10242	10266	10267	10268	10335	10398	10672	107	108	109	111	112	113	114	115	123745	135	136	140465	146	147	148	157855	1579	163688	185	1909	196883	23236	23365	26279	27094	27345	2767	2768	2776	2778	284541	2977	2982	2983	30814	369	3708	3709	3710	3778	3779	387	391013	4629	4637	4638	4659	4660	4881	4882	50487	51806	5319	5320	5321	5322	5330	5331	5332	5499	5500	5501	552	553	5566	5567	5568	5578	5580	5581	5582	5583	5588	5592	5594	5595	5604	5605	5613	5739	5894	59	6093	64600	673	72	775	776	778	779	800	801	805	808	810	81579	8398	8399	84647	85366	9138	91807	94274	9475	9826
Homologous_recombination	10111	10714	146956	25788	29935	4361	4683	5424	5425	57804	5888	5889	RAD51L1	RAD51L3	5893	6117	6118	6119	641	6742	675	7156	7516	7517	7979	80198	8438	8940
Biotin_metabolism	3141	686
Dorso-ventral_axis_formation	143689	1956	2113	2114	2120	2885	3845	440822	4851	4853	4854	4855	51513	55124	5594	5595	5604	56776	56907	64506	6654	6655	84501	9271
D-Glutamine_and_D-glutamate_metabolism	27165	2744	2746	2747
beta-Alanine_metabolism	18	1806	1807	1892	1962	217	219	223	224	23417	2571	2572	26275	3030	314	34	501	51733	6611	6723	84735	8639
Adipocytokine_signaling_pathway	10000	10645	10891	1147	126129	1374	1375	181	207	208	2180	2181	2182	23305	2538	32	3551	3667	3717	3952	3953	4790	4792	4793	4794	4852	5105	5106	51094	51422	51703	53632	5443	5465	5562	5563	5564	5565	5571	5588	5599	5601	5602	5781	57818	5970	6256	6257	6258	6513	6517	6774	6794	7124	7132	7133	7186	79602	81616	84254	8471	8517	8660	8717	9021	9370	948
Pancreatic_cancer	10000	1019	1021	1029	10928	1147	1869	1870	1871	1950	1956	2064	207	208	2277	23533	3551	369	3716	3845	4087	4088	4089	4790	5228	5290	5291	5293	5294	5295	5296	5337	5594	5595	5599	5601	5602	5604	572	5879	5880	5881	5888	5894	5898	5899	5900	5925	595	5970	598	673	675	6772	6774	7039	7040	7042	7043	7046	7048	7157	7422	7423	7424	842	8503	8517	9459	998
Amoebiasis	10319	107	1277	1278	1280	1281	1282	1284	1286	1288	1289	1290	1301	1302	1437	1511	1992	22798	23236	2335	23533	2767	2769	2774	2776	2778	284217	2919	3315	3458	3553	3554	3569	IL8	3586	3592	3593	3684	3689	383	384	3908	3909	3910	3911	3912	3913	3914	3915	3918	4583	4790	50509	5055	5269	5272	5273	5275	5290	5291	5293	5294	5295	5296	5330	5331	5332	5566	5567	5568	5578	5582	5613	5747	5868	5869	5878	5970	6317	6318	7040	7042	7043	7097	7099	7124	731	732	733	735	7414	7850	7879	81	836	8503	87	88	89	912	929	9630
Calcium_signaling_pathway	107	108	10800	109	CHP	1128	1129	113	113026	1131	1133	1139	114	115	135	136	146	147	148	153	154	155	163688	1812	1816	185	1909	1910	1956	196883	2064	2065	2066	2149	2185	22953	23236	2767	2769	2774	2776	2778	2902	2903	2905	2906	291	2911	2915	292	2925	SLC25A6	3269	3274	3356	3357	3358	3360	3361	3362	3363	3706	3707	3708	3709	3710	3973	4638	4842	4846	487	488	489	490	491	492	4923	493	5021	5023	5024	5025	5026	5027	51196	5136	5137	5153	5156	5159	51806	5255	5256	5257	5260	5261	5330	5331	5332	5333	5335	5336	5350	5481	552	553	5530	5532	5533	5534	5535	5566	5567	5568	5578	5582	5613	56413	56848	57105	5724	5731	5733	5737	623	624	6261	6262	6263	63928	6543	6546	6547	683	6865	6869	6870	6915	7125	7134	7201	7220	7416	7417	7419	773	774	775	776	777	778	779	801	805	808	810	814	815	816	817	818	83447	84812	85366	886	887	8877	8911	8912	8913	89869	9127	91807	952	9630
Steroid_biosynthesis	1056	10682	120227	1594	1595	1717	1718	2222	3988	4047	50814	51478	SC4MOL	SC5DL	6646	6713	7108	8435
Melanogenesis	10488	107	108	109	111	112	11211	113	114	115	1385	1387	148327	1499	163688	1638	1855	1856	1857	1906	1910	196883	2033	23236	2535	2770	2771	2773	2775	2776	2778	2932	3265	3815	3845	4157	4254	4286	434	4893	51176	51384	51806	5330	5331	5332	54361	5443	5566	5567	5568	5578	5582	5594	5595	5604	5605	5613	5894	64764	6932	6934	7299	7306	7471	7472	7473	7474	7475	7476	7477	7478	7479	7480	7481	7482	7483	7484	7855	7976	801	80326	805	808	810	81029	815	816	817	818	8321	8322	8323	8324	8325	8326	83439	84699	89780	90993
Hepatitis_C	10000	10062	10197	1026	10379	10401	10686	1147	1364	1365	1366	137075	1432	148022	149461	1950	1956	1965	207	208	23533	23562	23586	24146	26285	27102	2885	29110	2932	3265	3434	3439	3440	3441	3442	3443	3444	3445	3446	3447	3448	3449	3451	3452	3454	3455	3456	3551	IL8	3646	3659	3661	3665	369	3716	3845	3949	440275	4790	4792	4893	4938	4939	4940	100506658	49861	5010	51208	51588	5163	5290	5291	5293	5294	5295	5296	53842	5465	5515	5516	5518	5519	5520	5521	5522	55844	5594	5595	5599	5600	5601	5602	5603	5610	572	5894	5970	6041	6256	6300	6654	6655	673	6772	6773	6774	7098	7122	7124	7132	7157	7186	7187	7189	7297	8503	8517	8554	8717	8737	9021	9063	9071	9073	9074	9075	9076	9080	9451	949	9641	975
Metabolism_of_xenobiotics_by_cytochrome_P450	10720	10941	1109	119391	124	125	126	127	128	130	131	1543	1544	1545	1551	1555	1557	1558	1559	1562	1571	1572	1576	1577	1645	1646	2052	218	220	221	221357	222	27294	2938	2939	2940	2941	2944	2946	2947	2948	2949	2950	2952	2953	2954	29785	373156	4257	4258	4259	54490	54575	54576	54577	54578	54579	54600	54657	54658	54659	574537	64816	7363	7364	7365	7366	7367	79799	8644	9446
p53_signaling_pathway	1017	1019	1021	1026	1029	10912	1111	11200	143686	1643	1647	25898	27113	27244	2810	317	3479	3486	355	3732	4193	4194	4616	472	50484	5054	51246	51512	5268	5366	54205	545	55240	LRDD	56475	5728	BAI1	581	595	6241	637	64065	64326	64393	6477	7057	7157	7161	7249	836	83667	841	842	8493	85417	8795	891	894	896	898	900	901	9133	9134	9538	9540
Neurotrophin_signaling_pathway	10000	10019	10603	10782	10818	10971	11108	11213	1398	1399	1432	1445	163688	207	208	2309	23533	25	2549	25759	25970	27018	27330	2885	2889	2932	3265	3551	356	3654	3656	3667	3725	3845	387	396	397	399694	4214	4215	4217	468	4790	4792	4793	4794	4803	4804	4893	4908	4909	4914	4915	4916	51135	5163	51806	5290	5291	5293	5294	5295	5296	5335	53358	5336	5580	5594	5595	5598	5599	5600	5601	5602	5603	5604	5605	5607	5609	5663	5664	572	57498	5781	581	5879	5894	5906	5908	596	5970	6195	6196	6197	627	6272	6300	6464	6654	6655	673	7157	7161	7189	7529	7531	7532	7533	7534	801	805	808	810	814	815	816	817	818	8471	8503	8660	8767	8986	9252	9261	9500	998
